,Unnamed: 0.5,Unnamed: 0.4,Unnamed: 0.3,Unnamed: 0.2,Unnamed: 0.1,Unnamed: 0,Date,Open,High,Low,Close,Volume,Dividends,Stock Splits
0,0.0,0.0,0.0,0.0,0.0,0.0,2007-11-26 00:00:00+05:30,15.862467871728189,16.50132179260254,12.254390832392671,16.50132179260254,578610,0.0,0.0
1,1.0,1.0,1.0,1.0,1.0,1.0,2007-11-27 00:00:00+05:30,15.971362857945088,15.971362857945088,13.532099723815918,13.532099723815918,39685,0.0,0.0
2,2.0,2.0,2.0,2.0,2.0,2.0,2007-11-28 00:00:00+05:30,15.724536134581747,15.724536134581747,14.069321294480446,14.134658813476562,19265,0.0,0.0
3,3.0,3.0,3.0,3.0,3.0,3.0,2007-11-29 00:00:00+05:30,15.97136433174752,15.97136433174752,12.08741863777292,14.316149711608888,38000,0.0,0.0
4,4.0,4.0,4.0,4.0,4.0,4.0,2007-11-30 00:00:00+05:30,13.365129899798532,15.100200653076174,13.365129899798532,15.100200653076172,19850,0.0,0.0
5,5.0,5.0,5.0,5.0,5.0,5.0,2007-12-03 00:00:00+05:30,15.49222598662891,15.49222598662891,14.091101306767086,14.70091724395752,2485,0.0,0.0
6,6.0,6.0,6.0,6.0,6.0,6.0,2007-12-04 00:00:00+05:30,15.942331568552849,15.942331568552849,12.486708860385525,14.083845138549805,55,0.0,0.0
7,7.0,7.0,7.0,7.0,7.0,7.0,2007-12-05 00:00:00+05:30,15.94232736880076,15.94232736880076,13.256234678490728,14.70091724395752,16150,0.0,0.0
8,8.0,8.0,8.0,8.0,8.0,8.0,2007-12-06 00:00:00+05:30,14.59202287012833,15.2453967391561,14.083842424951,14.955008506774902,11965,0.0,0.0
9,9.0,9.0,9.0,9.0,9.0,9.0,2007-12-07 00:00:00+05:30,15.753575329976323,15.753575329976323,12.588340507901044,14.468605995178224,5710,0.0,0.0
10,10.0,10.0,10.0,10.0,10.0,10.0,2007-12-10 00:00:00+05:30,14.083842008548,14.214517055426075,13.866051186871386,13.953166961669922,4505,0.0,0.0
11,11.0,11.0,11.0,11.0,11.0,11.0,2007-12-11 00:00:00+05:30,14.809813120791588,14.809813120791588,13.503065433687723,13.982206344604492,11275,0.0,0.0
12,12.0,12.0,12.0,12.0,12.0,12.0,2007-12-12 00:00:00+05:30,13.793456091326965,14.66462229307245,13.503067818971973,14.229039192199709,2145,0.0,0.0
13,13.0,13.0,13.0,13.0,13.0,13.0,2007-12-13 00:00:00+05:30,14.519425190604824,14.664619996382989,14.01124475506154,14.37423038482666,4480,0.0,0.0
14,14.0,14.0,14.0,14.0,14.0,14.0,2007-12-14 00:00:00+05:30,14.519425190604824,14.650100238869117,13.938648736852748,14.37423038482666,1395,0.0,0.0
15,15.0,15.0,15.0,15.0,15.0,15.0,2007-12-17 00:00:00+05:30,14.809809732066697,14.809809732066697,13.66277548283506,14.519421577453612,10250,0.0,0.0
16,16.0,16.0,16.0,16.0,16.0,16.0,2007-12-18 00:00:00+05:30,13.967685288175902,14.592020943889464,13.967685288175902,14.50490379333496,1710,0.0,0.0
17,17.0,17.0,17.0,17.0,17.0,17.0,2007-12-19 00:00:00+05:30,14.51942232552952,14.51942232552952,13.793451209253044,14.003983497619627,4985,0.0,0.0
18,18.0,18.0,18.0,18.0,18.0,18.0,2007-12-20 00:00:00+05:30,13.793454850930011,14.120142493376823,13.793454850930011,14.112882614135742,600,0.0,0.0
19,19.0,19.0,19.0,19.0,19.0,19.0,2007-12-24 00:00:00+05:30,14.243555068969728,14.243555068969728,14.243555068969728,14.243555068969728,260,0.0,0.0
20,20.0,20.0,20.0,20.0,20.0,20.0,2007-12-26 00:00:00+05:30,13.938648760959682,14.955008249123756,13.938648760959682,14.642840385437012,1210,0.0,0.0
21,21.0,21.0,21.0,21.0,21.0,21.0,2007-12-27 00:00:00+05:30,14.31614939394236,15.826169205504884,14.31614939394236,15.514002799987791,15320,0.0,0.0
22,22.0,22.0,22.0,22.0,22.0,22.0,2007-12-28 00:00:00+05:30,15.826173966859088,16.915130929294723,15.2453974740989,15.7027587890625,18340,0.0,0.0
23,23.0,23.0,23.0,23.0,23.0,23.0,2007-12-31 00:00:00+05:30,17.278117487254413,17.561247253880794,16.55214614098859,17.314416885375977,7775,0.0,0.0
24,24.0,24.0,24.0,24.0,24.0,24.0,2008-01-01 00:00:00+05:30,15.412367638186597,18.142019409111136,15.412367638186597,16.73363494873047,10575,0.0,0.0
25,25.0,25.0,25.0,25.0,25.0,25.0,2008-01-02 00:00:00+05:30,16.987727193759188,17.858893258949006,16.131080886081264,17.69917869567871,114175,0.0,0.0
26,26.0,26.0,26.0,26.0,26.0,26.0,2008-01-03 00:00:00+05:30,17.880673599686393,19.993251485367978,17.423312262066545,18.37433433532715,82025,0.0,0.0
27,27.0,27.0,27.0,27.0,27.0,27.0,2008-01-04 00:00:00+05:30,19.165637801388954,19.310832583127077,18.301731757875253,18.83169174194336,38735,0.0,0.0
28,28.0,28.0,28.0,28.0,28.0,28.0,2008-01-07 00:00:00+05:30,19.16564008560073,19.877091554614072,18.8970315074558,19.310834884643555,12640,0.0,0.0
29,29.0,29.0,29.0,29.0,29.0,29.0,2008-01-08 00:00:00+05:30,19.38343301907352,19.456029036667132,18.091203689575195,18.091203689575195,7985,0.0,0.0
30,30.0,30.0,30.0,30.0,30.0,30.0,2008-01-09 00:00:00+05:30,16.261755287674596,18.29447556405907,16.261755287674596,17.568504333496094,6675,0.0,0.0
31,31.0,31.0,31.0,31.0,31.0,31.0,2008-01-10 00:00:00+05:30,16.987726316081535,17.16921912156249,16.987726316081535,17.06032371520996,6700,0.0,0.0
32,32.0,32.0,32.0,32.0,32.0,32.0,2008-01-11 00:00:00+05:30,16.726373013957556,16.84978675842285,16.726373013957556,16.84978675842285,2780,0.0,0.0
33,33.0,33.0,33.0,33.0,33.0,33.0,2008-01-14 00:00:00+05:30,16.334354085926098,16.748157501220703,16.276276437896687,16.748157501220703,3300,0.0,0.0
34,34.0,34.0,34.0,34.0,34.0,34.0,2008-01-15 00:00:00+05:30,16.30531118811571,16.40694808959961,16.30531118811571,16.40694808959961,500,0.0,0.0
35,35.0,35.0,35.0,35.0,35.0,35.0,2008-01-16 00:00:00+05:30,15.826170196767675,17.13291907120651,14.998563545565789,17.0893611907959,1305,0.0,0.0
36,36.0,36.0,36.0,36.0,36.0,36.0,2008-01-17 00:00:00+05:30,15.288954440896184,18.149281610406774,15.288954440896184,17.408790588378906,3955,0.0,0.0
37,37.0,37.0,37.0,37.0,37.0,37.0,2008-01-18 00:00:00+05:30,17.140181196689518,17.568504333496094,17.132921318222262,17.568504333496094,2500,0.0,0.0
38,38.0,38.0,38.0,38.0,38.0,38.0,2008-01-21 00:00:00+05:30,16.697338104248047,16.697338104248047,16.697338104248047,16.697338104248047,3910,0.0,0.0
39,39.0,39.0,39.0,39.0,39.0,39.0,2008-01-22 00:00:00+05:30,16.697338104248047,16.697338104248047,16.697338104248047,16.697338104248047,0,0.0,0.0
40,40.0,40.0,40.0,40.0,40.0,40.0,2008-01-23 00:00:00+05:30,13.510324883100113,16.697338104248047,13.510324883100113,16.697338104248047,1125,0.0,0.0
41,41.0,41.0,41.0,41.0,41.0,41.0,2008-01-24 00:00:00+05:30,13.503067818971973,19.601227077148845,13.503067818971973,14.229039192199709,1675,0.0,0.0
42,42.0,42.0,42.0,42.0,42.0,42.0,2008-01-25 00:00:00+05:30,16.247236663680823,16.247236663680823,14.229037388179467,14.562983512878418,5060,0.0,0.0
43,43.0,43.0,43.0,43.0,43.0,43.0,2008-01-28 00:00:00+05:30,12.92228808199918,16.697339248597753,12.92228808199918,14.867891311645508,6905,0.0,0.0
44,44.0,44.0,44.0,44.0,44.0,44.0,2008-01-29 00:00:00+05:30,13.98220599151495,16.82075337695712,13.98220599151495,16.043964385986328,315,0.0,0.0
45,45.0,45.0,45.0,45.0,45.0,45.0,2008-01-30 00:00:00+05:30,16.987727720314115,16.987727720314115,14.098362350540995,14.38149070739746,8375,0.0,0.0
46,46.0,46.0,46.0,46.0,46.0,46.0,2008-01-31 00:00:00+05:30,12.668199272837551,15.2453967391561,12.668199272837551,14.955008506774902,2090,0.0,0.0
47,47.0,47.0,47.0,47.0,47.0,47.0,2008-02-01 00:00:00+05:30,14.37423038482666,14.37423038482666,13.815233567345397,14.37423038482666,1205,0.0,0.0
48,48.0,48.0,48.0,48.0,48.0,48.0,2008-02-04 00:00:00+05:30,14.78077452146681,15.390590458657243,14.57750208084326,15.24539566040039,2865,0.0,0.0
49,49.0,49.0,49.0,49.0,49.0,49.0,2008-02-05 00:00:00+05:30,12.653679023515313,16.697338637133033,12.653679023515313,15.964107513427734,10320,0.0,0.0
50,50.0,50.0,50.0,50.0,50.0,50.0,2008-02-06 00:00:00+05:30,13.93864879931159,17.35071290358495,13.93864879931159,16.247236251831055,8745,0.0,0.0
51,51.0,51.0,51.0,51.0,51.0,51.0,2008-02-07 00:00:00+05:30,19.02044543253694,19.02044543253694,14.809811765993883,15.971365928649902,8000,0.0,0.0
52,52.0,52.0,52.0,52.0,52.0,52.0,2008-02-08 00:00:00+05:30,14.664615631103516,14.664615631103516,14.664615631103516,14.664615631103516,150,0.0,0.0
53,53.0,53.0,53.0,53.0,53.0,53.0,2008-02-11 00:00:00+05:30,14.229036963728786,14.37423038482666,14.229036963728786,14.37423038482666,575,0.0,0.0
54,54.0,54.0,54.0,54.0,54.0,54.0,2008-02-12 00:00:00+05:30,12.080159660564744,15.063901571574174,12.080159660564744,13.6482572555542,1465,0.0,0.0
55,55.0,55.0,55.0,55.0,55.0,55.0,2008-02-13 00:00:00+05:30,13.648259469124866,13.648259469124866,12.486706532358744,13.234456062316896,2370,0.0,0.0
56,56.0,56.0,56.0,56.0,56.0,56.0,2008-02-14 00:00:00+05:30,13.648258229331148,15.216355936201358,13.648258229331148,15.100200653076172,160,0.0,0.0
57,57.0,57.0,57.0,57.0,57.0,57.0,2008-02-15 00:00:00+05:30,14.519424438476562,14.519424438476562,13.539363011943353,13.793453216552734,210,0.0,0.0
58,58.0,58.0,58.0,58.0,58.0,58.0,2008-02-18 00:00:00+05:30,15.6664568234871,15.753573967753956,13.757153373828825,15.274433135986328,1830,0.0,0.0
59,59.0,59.0,59.0,59.0,59.0,59.0,2008-02-19 00:00:00+05:30,14.809813993137112,15.100202231300518,14.01124529967749,14.984046936035156,1490,0.0,0.0
60,60.0,60.0,60.0,60.0,60.0,60.0,2008-02-20 00:00:00+05:30,14.984046504884072,15.100201796807182,13.793454070332055,14.352452278137209,1965,0.0,0.0
61,61.0,61.0,61.0,61.0,61.0,61.0,2008-02-21 00:00:00+05:30,13.793451962173936,15.20909627005856,13.69181644344502,14.22177505493164,25985,0.0,0.0
62,62.0,62.0,62.0,62.0,62.0,62.0,2008-02-22 00:00:00+05:30,13.50306670918367,14.062064952949472,12.777095395621972,12.936808586120604,95450,0.0,0.0
63,63.0,63.0,63.0,63.0,63.0,63.0,2008-02-25 00:00:00+05:30,12.951328278688491,13.97494771481758,12.81339334210446,13.481287002563477,17715,0.0,0.0
64,64.0,64.0,64.0,64.0,64.0,64.0,2008-02-26 00:00:00+05:30,13.79345257413295,14.519423762245207,13.118299147639725,13.183636665344238,1320,0.0,0.0
65,65.0,65.0,65.0,65.0,65.0,65.0,2008-02-27 00:00:00+05:30,15.056642042258666,15.811652730856771,13.25623385592798,13.68455696105957,3215,0.0,0.0
66,66.0,66.0,66.0,66.0,66.0,66.0,2008-02-28 00:00:00+05:30,13.684556961059572,13.684556961059572,13.684556961059572,13.68455696105957,0,0.0,0.0
67,67.0,67.0,67.0,67.0,67.0,67.0,2008-02-29 00:00:00+05:30,13.684556961059572,13.684556961059572,13.684556961059572,13.68455696105957,0,0.0,0.0
68,68.0,68.0,68.0,68.0,68.0,68.0,2008-03-03 00:00:00+05:30,13.79345299339093,13.79345299339093,12.922286987304688,12.922286987304688,275,0.0,0.0
69,69.0,69.0,69.0,69.0,69.0,69.0,2008-03-04 00:00:00+05:30,13.357871181329452,13.357871181329452,12.35603143121888,13.067482948303224,11765,0.0,0.0
70,70.0,70.0,70.0,70.0,70.0,70.0,2008-03-05 00:00:00+05:30,13.067482948303224,13.067482948303224,13.067482948303224,13.067482948303224,10000,0.0,0.0
71,71.0,71.0,71.0,71.0,71.0,71.0,2008-03-07 00:00:00+05:30,12.486707726956851,15.666461618750407,11.25255588272165,13.619222640991213,2885,0.0,0.0
72,72.0,72.0,72.0,72.0,72.0,72.0,2008-03-10 00:00:00+05:30,12.051123296614223,13.793454058667775,12.051123296614223,12.196316719055176,2000,0.0,0.0
73,73.0,73.0,73.0,73.0,73.0,73.0,2008-03-11 00:00:00+05:30,9.9022492928441,14.37423192877534,9.9022492928441,14.359713554382324,745,0.0,0.0
74,74.0,74.0,74.0,74.0,74.0,74.0,2008-03-12 00:00:00+05:30,15.230874398908457,15.230874398908457,11.194475191497425,14.149177551269531,2805,0.0,0.0
75,75.0,75.0,75.0,75.0,75.0,75.0,2008-03-13 00:00:00+05:30,11.775253264160645,14.076582199177102,11.775253264160645,13.314312934875488,76045,0.0,0.0
76,76.0,76.0,76.0,76.0,76.0,76.0,2008-03-14 00:00:00+05:30,11.782512796777402,12.486705780029297,11.782512796777402,12.486705780029297,150,0.0,0.0
77,77.0,77.0,77.0,77.0,77.0,77.0,2008-03-17 00:00:00+05:30,10.889569412048864,13.19815834895208,10.889569412048864,13.002145767211914,27660,0.0,0.0
78,78.0,78.0,78.0,78.0,78.0,78.0,2008-03-18 00:00:00+05:30,13.002145767211914,13.002145767211914,13.002145767211914,13.002145767211914,0,0.0,0.0
79,79.0,79.0,79.0,79.0,79.0,79.0,2008-03-19 00:00:00+05:30,13.866049638657906,13.866049638657906,11.499383455783551,12.051121711730955,48655,0.0,0.0
80,80.0,80.0,80.0,80.0,80.0,80.0,2008-03-24 00:00:00+05:30,11.47034684727803,13.503066655661764,11.47034684727803,12.501225471496582,2500,0.0,0.0
81,81.0,81.0,81.0,81.0,81.0,81.0,2008-03-25 00:00:00+05:30,10.17811753297205,12.777094622971616,10.17811753297205,11.920448303222656,24570,0.0,0.0
82,82.0,82.0,82.0,82.0,82.0,82.0,2008-03-26 00:00:00+05:30,11.615540504455566,11.615540504455566,11.615540504455566,11.615540504455566,1750,0.0,0.0
83,83.0,83.0,83.0,83.0,83.0,83.0,2008-03-27 00:00:00+05:30,10.352348141976856,13.285270691388815,10.352348141976856,12.63189697265625,96145,0.0,0.0
84,84.0,84.0,84.0,84.0,84.0,84.0,2008-03-28 00:00:00+05:30,11.811552449782464,12.92228756479869,11.811552449782464,11.913187980651855,750,0.0,0.0
85,85.0,85.0,85.0,85.0,85.0,85.0,2008-03-31 00:00:00+05:30,13.93864924412628,13.93864924412628,11.034763407983164,13.924129486083984,3640,0.0,0.0
86,86.0,86.0,86.0,86.0,86.0,86.0,2008-04-01 00:00:00+05:30,14.519425549739584,14.519425549739584,11.32515220573294,12.97310733795166,4150,0.0,0.0
87,87.0,87.0,87.0,87.0,87.0,87.0,2008-04-02 00:00:00+05:30,15.434150292483356,15.434150292483356,12.094681973163466,12.936808586120604,16525,0.0,0.0
88,88.0,88.0,88.0,88.0,88.0,88.0,2008-04-03 00:00:00+05:30,13.401429123891983,13.786194399620966,12.19631691348689,13.234456062316896,2125,0.0,0.0
89,89.0,89.0,89.0,89.0,89.0,89.0,2008-04-04 00:00:00+05:30,12.07289841221674,13.357867551997074,11.920445150554638,13.016661643981934,1580,0.0,0.0
90,90.0,90.0,90.0,90.0,90.0,90.0,2008-04-07 00:00:00+05:30,13.357871181329452,13.357871181329452,12.341511673397488,13.067482948303224,430,0.0,0.0
91,91.0,91.0,91.0,91.0,91.0,91.0,2008-04-08 00:00:00+05:30,13.79345299339093,13.79345299339093,11.804292043663546,12.922286987304688,605,0.0,0.0
92,92.0,92.0,92.0,92.0,92.0,92.0,2008-04-09 00:00:00+05:30,12.777094715276991,13.067482948303224,12.35603143121888,13.067482948303224,465,0.0,0.0
93,93.0,93.0,93.0,93.0,93.0,93.0,2008-04-10 00:00:00+05:30,13.067480540818345,14.519422823131492,12.268912008610098,14.091099739074709,4130,0.0,0.0
94,94.0,94.0,94.0,94.0,94.0,94.0,2008-04-11 00:00:00+05:30,13.357871499090432,13.648259739024503,13.357871499090432,13.365131378173828,685,0.0,0.0
95,95.0,95.0,95.0,95.0,95.0,95.0,2008-04-15 00:00:00+05:30,13.357867561693846,14.170955778521794,13.067479407355274,13.394166946411133,2610,0.0,0.0
96,96.0,96.0,96.0,96.0,96.0,96.0,2008-04-16 00:00:00+05:30,14.08384399069699,14.156441403033254,13.807975485435747,13.858793258666992,2160,0.0,0.0
97,97.0,97.0,97.0,97.0,97.0,97.0,2008-04-17 00:00:00+05:30,13.85879145210762,14.374230381612293,13.372390652943915,13.931388854980469,1340,0.0,0.0
98,98.0,98.0,98.0,98.0,98.0,98.0,2008-04-21 00:00:00+05:30,14.955007592347302,15.100201007319855,12.39958853428387,13.582921028137209,3865,0.0,0.0
99,99.0,99.0,99.0,99.0,99.0,99.0,2008-04-22 00:00:00+05:30,14.229034667775892,14.229034667775892,13.10377856626368,13.713594436645508,1465,0.0,0.0
100,100.0,100.0,100.0,100.0,100.0,100.0,2008-04-23 00:00:00+05:30,13.793454278560796,13.793454278560796,13.067483000741806,13.234456062316896,1645,0.0,0.0
101,101.0,101.0,101.0,101.0,101.0,101.0,2008-04-24 00:00:00+05:30,13.793452120171688,13.938646906887644,13.35786914470393,13.640998840332031,2775,0.0,0.0
102,102.0,102.0,102.0,102.0,102.0,102.0,2008-04-25 00:00:00+05:30,14.519425649665768,14.519425649665768,13.50306613112523,13.93864917755127,585,0.0,0.0
103,103.0,103.0,103.0,103.0,103.0,103.0,2008-04-28 00:00:00+05:30,13.938645986380344,14.229034155954931,13.735373575338125,14.003983497619627,3850,0.0,0.0
104,104.0,104.0,104.0,104.0,104.0,104.0,2008-04-29 00:00:00+05:30,13.35787180300636,13.938649680768608,13.35787180300636,13.662779808044434,7695,0.0,0.0
105,105.0,105.0,105.0,105.0,105.0,105.0,2008-04-30 00:00:00+05:30,13.793451705406005,13.93864648775599,13.662776678227033,13.713594436645508,5195,0.0,0.0
106,106.0,106.0,106.0,106.0,106.0,106.0,2008-05-02 00:00:00+05:30,13.793455598174925,13.793455598174925,13.357872512875415,13.619222640991213,20,0.0,0.0
107,107.0,107.0,107.0,107.0,107.0,107.0,2008-05-05 00:00:00+05:30,13.793453323334452,13.793453323334452,13.430467709562492,13.50306510925293,1740,0.0,0.0
108,108.0,108.0,108.0,108.0,108.0,108.0,2008-05-06 00:00:00+05:30,13.648257978550197,13.786192893981934,13.648257978550197,13.786192893981934,525,0.0,0.0
109,109.0,109.0,109.0,109.0,109.0,109.0,2008-05-07 00:00:00+05:30,13.503066030304735,13.503066030304735,13.35787122102004,13.415948867797852,1250,0.0,0.0
110,110.0,110.0,110.0,110.0,110.0,110.0,2008-05-08 00:00:00+05:30,13.430464221453825,13.532099723815918,13.430464221453825,13.532099723815918,2125,0.0,0.0
111,111.0,111.0,111.0,111.0,111.0,111.0,2008-05-09 00:00:00+05:30,13.793453108610342,13.793453108610342,13.357870101928713,13.357870101928713,3815,0.0,0.0
112,112.0,112.0,112.0,112.0,112.0,112.0,2008-05-12 00:00:00+05:30,14.512162432184171,14.519422309500523,13.372388002437184,13.720853805541992,705,0.0,0.0
113,113.0,113.0,113.0,113.0,113.0,113.0,2008-05-13 00:00:00+05:30,13.793454060059876,14.011244886083436,13.285273619764496,13.459507942199709,1670,0.0,0.0
114,114.0,114.0,114.0,114.0,114.0,114.0,2008-05-14 00:00:00+05:30,14.374226018278632,14.374226018278632,13.532099723815918,13.532099723815918,1060,0.0,0.0
115,115.0,115.0,115.0,115.0,115.0,115.0,2008-05-15 00:00:00+05:30,13.6482572555542,13.6482572555542,13.6482572555542,13.6482572555542,450,0.0,0.0
116,116.0,116.0,116.0,116.0,116.0,116.0,2008-05-16 00:00:00+05:30,13.357870786919614,13.735376171047497,13.147339843446938,13.227195739746094,10565,0.0,0.0
117,117.0,117.0,117.0,117.0,117.0,117.0,2008-05-20 00:00:00+05:30,13.132819552993734,13.720855856725928,13.111039917788757,13.699077606201172,7780,0.0,0.0
118,118.0,118.0,118.0,118.0,118.0,118.0,2008-05-21 00:00:00+05:30,13.79345436718248,14.214517655635571,13.437728604927308,13.93864917755127,4975,0.0,0.0
119,119.0,119.0,119.0,119.0,119.0,119.0,2008-05-22 00:00:00+05:30,14.519424438476562,14.519424438476562,13.35061032808153,13.793453216552734,265,0.0,0.0
120,120.0,120.0,120.0,120.0,120.0,120.0,2008-05-23 00:00:00+05:30,13.793454910152631,13.793454910152631,13.29979419708252,13.29979419708252,355,0.0,0.0
121,121.0,121.0,121.0,121.0,121.0,121.0,2008-05-26 00:00:00+05:30,13.786192163679042,13.786192163679042,13.6482572555542,13.6482572555542,40,0.0,0.0
122,122.0,122.0,122.0,122.0,122.0,122.0,2008-05-27 00:00:00+05:30,13.640998840332031,13.640998840332031,13.640998840332031,13.640998840332031,40,0.0,0.0
123,123.0,123.0,123.0,123.0,123.0,123.0,2008-05-28 00:00:00+05:30,13.720853805541992,13.720853805541992,13.720853805541992,13.720853805541992,100,0.0,0.0
124,124.0,124.0,124.0,124.0,124.0,124.0,2008-05-29 00:00:00+05:30,13.256236586884508,13.64100188838058,13.248976707458496,13.248976707458496,615,0.0,0.0
125,125.0,125.0,125.0,125.0,125.0,125.0,2008-05-30 00:00:00+05:30,13.082000069905586,13.212675094604492,13.082000069905586,13.212675094604492,535,0.0,0.0
126,126.0,126.0,126.0,126.0,126.0,126.0,2008-06-02 00:00:00+05:30,13.256234169006348,13.357869693071798,13.256234169006348,13.256234169006348,2280,0.0,0.0
127,127.0,127.0,127.0,127.0,127.0,127.0,2008-06-03 00:00:00+05:30,13.25623501086604,13.793453562397795,13.25623501086604,13.546623229980469,4030,0.0,0.0
128,128.0,128.0,128.0,128.0,128.0,128.0,2008-06-04 00:00:00+05:30,13.63373661085788,13.648254979281129,13.481281972634871,13.532099723815918,11010,0.0,0.0
129,129.0,129.0,129.0,129.0,129.0,129.0,2008-06-05 00:00:00+05:30,13.532099723815918,13.532099723815918,13.532099723815918,13.532099723815918,0,0.0,0.0
130,130.0,130.0,130.0,130.0,130.0,130.0,2008-06-06 00:00:00+05:30,13.50306510925293,13.50306510925293,13.50306510925293,13.50306510925293,10,0.0,0.0
131,131.0,131.0,131.0,131.0,131.0,131.0,2008-06-09 00:00:00+05:30,11.470345009972382,13.7934526935812,11.470345009972382,13.437726974487305,1060,0.0,0.0
132,132.0,132.0,132.0,132.0,132.0,132.0,2008-06-10 00:00:00+05:30,13.357867561693846,13.771670854711305,13.357867561693846,13.394166946411133,2255,0.0,0.0
133,133.0,133.0,133.0,133.0,133.0,133.0,2008-06-11 00:00:00+05:30,13.611963429046174,13.67004108428955,13.611963429046174,13.67004108428955,600,0.0,0.0
134,134.0,134.0,134.0,134.0,134.0,134.0,2008-06-12 00:00:00+05:30,13.728113229329706,13.815230369567873,13.728113229329706,13.815230369567873,2030,0.0,0.0
135,135.0,135.0,135.0,135.0,135.0,135.0,2008-06-13 00:00:00+05:30,13.916869837502372,14.062064650968832,13.916869837502372,13.967687606811523,2075,0.0,0.0
136,136.0,136.0,136.0,136.0,136.0,136.0,2008-06-16 00:00:00+05:30,13.953167715313812,14.802554181218431,13.953167715313812,13.996726989746094,6155,0.0,0.0
137,137.0,137.0,137.0,137.0,137.0,137.0,2008-06-17 00:00:00+05:30,13.953163637448142,14.95500450171321,13.953163637448142,14.519421577453612,13350,0.0,0.0
138,138.0,138.0,138.0,138.0,138.0,138.0,2008-06-18 00:00:00+05:30,14.11288167297837,14.50490543309095,14.11288167297837,14.37423038482666,525,0.0,0.0
139,139.0,139.0,139.0,139.0,139.0,139.0,2008-06-19 00:00:00+05:30,14.10562273489466,14.112882614135742,14.098362855653576,14.112882614135742,1120,0.0,0.0
140,140.0,140.0,140.0,140.0,140.0,140.0,2008-06-20 00:00:00+05:30,14.083841636916128,14.301633837526108,13.93864822118971,14.12014102935791,7805,0.0,0.0
141,141.0,141.0,141.0,141.0,141.0,141.0,2008-06-23 00:00:00+05:30,14.127398490905763,14.127398490905763,14.127398490905763,14.127398490905762,125,0.0,0.0
142,142.0,142.0,142.0,142.0,142.0,142.0,2008-06-24 00:00:00+05:30,14.287116172813333,14.287116172813333,14.178220748901367,14.178220748901367,2325,0.0,0.0
143,143.0,143.0,143.0,143.0,143.0,143.0,2008-06-25 00:00:00+05:30,14.519423916196324,14.519423916196324,14.163698196411133,14.163698196411133,510,0.0,0.0
144,144.0,144.0,144.0,144.0,144.0,144.0,2008-06-26 00:00:00+05:30,14.2217747660317,14.2217747660317,14.091099739074709,14.091099739074709,6250,0.0,0.0
145,145.0,145.0,145.0,145.0,145.0,145.0,2008-06-27 00:00:00+05:30,13.866048044495848,14.30163097381592,13.866048044495848,14.301630973815918,27775,0.0,0.0
146,146.0,146.0,146.0,146.0,146.0,146.0,2008-06-30 00:00:00+05:30,14.301632278092097,14.490383559487183,14.11287961201692,14.417787551879885,512550,0.0,0.0
147,147.0,147.0,147.0,147.0,147.0,147.0,2008-07-01 00:00:00+05:30,12.4867060853322,14.374230232343574,12.4867060853322,13.953166961669922,585880,0.0,0.0
148,148.0,148.0,148.0,148.0,148.0,148.0,2008-07-02 00:00:00+05:30,13.93864917755127,13.93864917755127,13.82975237743451,13.93864917755127,5475,0.0,0.0
149,149.0,149.0,149.0,149.0,149.0,149.0,2008-07-03 00:00:00+05:30,12.631900494313836,13.807974623655092,12.631900494313836,13.662779808044434,6250,0.0,0.0
150,150.0,150.0,150.0,150.0,150.0,150.0,2008-07-04 00:00:00+05:30,13.154597517936168,13.771671872243754,13.074740250337754,13.474023818969728,2510,0.0,0.0
151,151.0,151.0,151.0,151.0,151.0,151.0,2008-07-07 00:00:00+05:30,13.50306510925293,13.50306510925293,13.50306510925293,13.50306510925293,250,0.0,0.0
152,152.0,152.0,152.0,152.0,152.0,152.0,2008-07-08 00:00:00+05:30,13.916868379666994,13.916868379666994,13.793453216552734,13.793453216552734,10,0.0,0.0
153,153.0,153.0,153.0,153.0,153.0,153.0,2008-07-09 00:00:00+05:30,13.757154366746065,14.592020943889464,13.539362182699874,14.50490379333496,5260,0.0,0.0
154,154.0,154.0,154.0,154.0,154.0,154.0,2008-07-10 00:00:00+05:30,13.938651105215492,14.512167777658766,13.604703549055689,13.67004108428955,670,0.0,0.0
155,155.0,155.0,155.0,155.0,155.0,155.0,2008-07-11 00:00:00+05:30,13.67004108428955,13.67004108428955,13.67004108428955,13.67004108428955,0,0.0,0.0
156,156.0,156.0,156.0,156.0,156.0,156.0,2008-07-14 00:00:00+05:30,13.938645268227448,14.628316962348526,13.938645268227448,14.519421577453612,2375,0.0,0.0
157,157.0,157.0,157.0,157.0,157.0,157.0,2008-07-15 00:00:00+05:30,13.401428226291795,13.771673719342838,13.009404482560258,13.038442611694336,17480,0.0,0.0
158,158.0,158.0,158.0,158.0,158.0,158.0,2008-07-16 00:00:00+05:30,13.067480315010142,13.212675094604492,13.067480315010142,13.212675094604492,410,0.0,0.0
159,159.0,159.0,159.0,159.0,159.0,159.0,2008-07-17 00:00:00+05:30,13.357870206462394,13.793453216552734,13.07474187300977,13.793453216552734,1900,0.0,0.0
160,160.0,160.0,160.0,160.0,160.0,160.0,2008-07-18 00:00:00+05:30,12.936808032303343,13.93864917755127,12.936808032303343,13.93864917755127,950,0.0,0.0
161,161.0,161.0,161.0,161.0,161.0,161.0,2008-07-21 00:00:00+05:30,13.786192893981934,14.301633164974124,13.786192893981934,13.786192893981934,275,0.0,0.0
162,162.0,162.0,162.0,162.0,162.0,162.0,2008-07-22 00:00:00+05:30,14.6063563702209,14.748021275241904,14.315571784973145,14.315571784973145,8485,0.5,0.0
163,163.0,163.0,163.0,163.0,163.0,163.0,2008-07-23 00:00:00+05:30,14.315569510325975,15.359412794550494,14.315569510325975,15.031347274780272,2010,0.0,0.0
164,164.0,164.0,164.0,164.0,164.0,164.0,2008-07-24 00:00:00+05:30,14.61381046127417,14.9120512008667,13.726543016627874,14.9120512008667,205,0.0,0.0
165,165.0,165.0,165.0,165.0,165.0,165.0,2008-07-25 00:00:00+05:30,14.9791601641651,15.657658589263216,14.9791601641651,15.210296630859377,4585,0.0,0.0
166,166.0,166.0,166.0,166.0,166.0,166.0,2008-07-28 00:00:00+05:30,14.464692345921138,15.359416170256184,14.464692345921138,15.337047576904297,690,0.0,0.0
167,167.0,167.0,167.0,167.0,167.0,167.0,2008-07-29 00:00:00+05:30,15.337047576904297,15.337047576904297,15.337047576904297,15.337047576904297,0,0.0,0.0
168,168.0,168.0,168.0,168.0,168.0,168.0,2008-07-30 00:00:00+05:30,14.166449929380963,18.192703835411777,14.017328834958873,15.687479972839355,4870,0.0,0.0
169,169.0,169.0,169.0,169.0,169.0,169.0,2008-07-31 00:00:00+05:30,14.912052454120266,16.052824978825157,14.912052454120266,15.374326705932615,30950,0.0,0.0
170,170.0,170.0,170.0,170.0,170.0,170.0,2008-08-01 00:00:00+05:30,14.912053435807042,14.912053435807042,14.390130996704102,14.390130996704102,325,0.0,0.0
171,171.0,171.0,171.0,171.0,171.0,171.0,2008-08-04 00:00:00+05:30,17.268156281188567,17.268156281188567,14.47960269894429,16.403257369995117,1720,0.0,0.0
172,172.0,172.0,172.0,172.0,172.0,172.0,2008-08-05 00:00:00+05:30,14.934421654361184,16.388345974709885,14.934421654361184,15.657655715942385,2120,0.0,0.0
173,173.0,173.0,173.0,173.0,173.0,173.0,2008-08-06 00:00:00+05:30,15.657655715942385,15.657655715942385,15.657655715942385,15.657655715942385,0,0.0,0.0
174,174.0,174.0,174.0,174.0,174.0,174.0,2008-08-07 00:00:00+05:30,15.508538556541758,16.25414139910866,15.508538556541758,16.11993408203125,4195,0.0,0.0
175,175.0,175.0,175.0,175.0,175.0,175.0,2008-08-08 00:00:00+05:30,15.836603952553856,15.873884947361557,15.836603952553856,15.858972549438477,205,0.0,0.0
176,176.0,176.0,176.0,176.0,176.0,176.0,2008-08-11 00:00:00+05:30,15.858972549438477,15.858972549438477,15.858972549438477,15.858972549438477,0,0.0,0.0
177,177.0,177.0,177.0,177.0,177.0,177.0,2008-08-12 00:00:00+05:30,15.36687172857236,16.373434211407407,15.36687172857236,16.24668312072754,765,0.0,0.0
178,178.0,178.0,178.0,178.0,178.0,178.0,2008-08-13 00:00:00+05:30,15.299766349144184,16.067736149904285,15.299766349144184,15.762039184570312,150,0.0,0.0
179,179.0,179.0,179.0,179.0,179.0,179.0,2008-08-14 00:00:00+05:30,15.762039184570314,15.762039184570314,15.762039184570314,15.762039184570312,0,0.0,0.0
180,180.0,180.0,180.0,180.0,180.0,180.0,2008-08-18 00:00:00+05:30,15.762039184570314,15.762039184570314,15.762039184570314,15.762039184570312,0,0.0,0.0
181,181.0,181.0,181.0,181.0,181.0,181.0,2008-08-19 00:00:00+05:30,15.762039184570314,15.762039184570314,15.762039184570314,15.762039184570312,0,0.0,0.0
182,182.0,182.0,182.0,182.0,182.0,182.0,2008-08-20 00:00:00+05:30,16.67167860532373,16.99974280438641,15.366873741149902,15.366873741149902,2335,0.0,0.0
183,183.0,183.0,183.0,183.0,183.0,183.0,2008-08-21 00:00:00+05:30,15.381783485412598,16.105019033856845,15.10591127544621,15.381783485412598,1330,0.0,0.0
184,184.0,184.0,184.0,184.0,184.0,184.0,2008-08-22 00:00:00+05:30,15.955894470214844,15.955894470214844,15.955894470214844,15.955894470214844,50,0.0,0.0
185,185.0,185.0,185.0,185.0,185.0,185.0,2008-08-25 00:00:00+05:30,15.06117057800293,15.06117057800293,15.06117057800293,15.06117057800293,25,0.0,0.0
186,186.0,186.0,186.0,186.0,186.0,186.0,2008-08-26 00:00:00+05:30,15.061177089847584,16.39580535888672,15.061177089847584,16.39580535888672,10,0.0,0.0
187,187.0,187.0,187.0,187.0,187.0,187.0,2008-08-27 00:00:00+05:30,16.365978240966797,16.365978240966797,16.365978240966797,16.365978240966797,90,0.0,0.0
188,188.0,188.0,188.0,188.0,188.0,188.0,2008-08-28 00:00:00+05:30,16.365978240966797,16.365978240966797,16.365978240966797,16.365978240966797,0,0.0,0.0
189,189.0,189.0,189.0,189.0,189.0,189.0,2008-08-29 00:00:00+05:30,15.657656989790285,15.657656989790285,15.25503084171886,15.269943237304688,1045,0.0,0.0
190,190.0,190.0,190.0,190.0,190.0,190.0,2008-09-01 00:00:00+05:30,15.269943237304688,15.269943237304688,15.269943237304688,15.269943237304688,0,0.0,0.0
191,191.0,191.0,191.0,191.0,191.0,191.0,2008-09-02 00:00:00+05:30,15.269943237304688,15.269943237304688,15.269943237304688,15.269943237304688,90,0.0,0.0
192,192.0,192.0,192.0,192.0,192.0,192.0,2008-09-04 00:00:00+05:30,15.657656516679394,17.730432510375977,15.657656516679394,17.730432510375977,20,0.0,0.0
193,193.0,193.0,193.0,193.0,193.0,193.0,2008-09-05 00:00:00+05:30,14.613807972702592,16.246677699332377,14.613807972702592,15.568178176879885,3820,0.0,0.0
194,194.0,194.0,194.0,194.0,194.0,194.0,2008-09-08 00:00:00+05:30,16.179577637799518,16.254136763090745,16.03045654296875,16.03045654296875,580,0.0,0.0
195,195.0,195.0,195.0,195.0,195.0,195.0,2008-09-09 00:00:00+05:30,16.03045654296875,16.03045654296875,16.03045654296875,16.03045654296875,0,0.0,0.0
196,196.0,196.0,196.0,196.0,196.0,196.0,2008-09-10 00:00:00+05:30,13.64452627994342,15.657653760910032,13.64452627994342,14.9120512008667,90,0.0,0.0
197,197.0,197.0,197.0,197.0,197.0,197.0,2008-09-11 00:00:00+05:30,14.89714050292969,14.89714050292969,14.89714050292969,14.897140502929688,260,0.0,0.0
198,198.0,198.0,198.0,198.0,198.0,198.0,2008-09-12 00:00:00+05:30,14.464691933365206,15.612920761108398,14.315572248312035,15.612920761108398,380,0.0,0.0
199,199.0,199.0,199.0,199.0,199.0,199.0,2008-09-15 00:00:00+05:30,12.675245971495915,16.10501869526673,12.675245971495915,13.85329818725586,380,0.0,0.0
200,200.0,200.0,200.0,200.0,200.0,200.0,2008-09-16 00:00:00+05:30,13.271725848691858,14.76293106414596,13.271725848691858,14.166449546813965,2930,0.0,0.0
201,201.0,201.0,201.0,201.0,201.0,201.0,2008-09-17 00:00:00+05:30,13.569970169820133,13.569970169820133,13.435761451721191,13.435761451721191,250,0.0,0.0
202,202.0,202.0,202.0,202.0,202.0,202.0,2008-09-18 00:00:00+05:30,13.435761451721191,13.435761451721191,13.435761451721191,13.435761451721191,0,0.0,0.0
203,203.0,203.0,203.0,203.0,203.0,203.0,2008-09-19 00:00:00+05:30,12.824365934182712,14.591443388714064,12.824365934182712,13.696721076965332,1625,0.0,0.0
204,204.0,204.0,204.0,204.0,204.0,204.0,2008-09-22 00:00:00+05:30,13.137519505848568,14.31557165274226,12.943662643432615,12.943662643432615,105,0.0,0.0
205,205.0,205.0,205.0,205.0,205.0,205.0,2008-09-23 00:00:00+05:30,10.438437563352949,13.719089084553309,10.438437563352949,13.279183387756348,495,0.0,0.0
206,206.0,206.0,206.0,206.0,206.0,206.0,2008-09-24 00:00:00+05:30,13.420846939086914,14.166449546813965,13.420846939086914,14.166449546813965,2000,0.0,0.0
207,207.0,207.0,207.0,207.0,207.0,207.0,2008-09-25 00:00:00+05:30,14.166449546813965,14.166449546813965,14.166449546813965,14.166449546813965,0,0.0,0.0
208,208.0,208.0,208.0,208.0,208.0,208.0,2008-09-26 00:00:00+05:30,14.255925178527832,14.255925178527832,14.255925178527832,14.255925178527832,50,0.0,0.0
209,209.0,209.0,209.0,209.0,209.0,209.0,2008-09-29 00:00:00+05:30,11.720872536485944,14.16644875384116,11.720872536485944,13.56996726989746,950,0.0,0.0
210,210.0,210.0,210.0,210.0,210.0,210.0,2008-09-30 00:00:00+05:30,13.56996726989746,13.56996726989746,13.56996726989746,13.56996726989746,0,0.0,0.0
211,211.0,211.0,211.0,211.0,211.0,211.0,2008-10-01 00:00:00+05:30,11.482280075314865,13.346286627220657,11.482280075314865,12.623052597045898,1050,0.0,0.0
212,212.0,212.0,212.0,212.0,212.0,212.0,2008-10-03 00:00:00+05:30,12.623052597045898,12.623052597045898,12.623052597045898,12.623052597045898,0,0.0,0.0
213,213.0,213.0,213.0,213.0,213.0,213.0,2008-10-06 00:00:00+05:30,10.58755848070878,14.912054398480583,10.58755848070878,12.675246238708496,1875,0.0,0.0
214,214.0,214.0,214.0,214.0,214.0,214.0,2008-10-07 00:00:00+05:30,12.67524648426024,13.413393020629885,12.078764865615382,13.413393020629885,75,0.0,0.0
215,215.0,215.0,215.0,215.0,215.0,215.0,2008-10-08 00:00:00+05:30,14.21864472320941,14.22610092163086,14.21864472320941,14.22610092163086,10000,0.0,0.0
216,216.0,216.0,216.0,216.0,216.0,216.0,2008-10-10 00:00:00+05:30,11.929641842726364,11.929641842726364,11.4822799891993,11.4971923828125,225,0.0,0.0
217,217.0,217.0,217.0,217.0,217.0,217.0,2008-10-13 00:00:00+05:30,11.184041967642544,13.40593796390432,9.394595537244632,10.475719451904297,4395,0.0,0.0
218,218.0,218.0,218.0,218.0,218.0,218.0,2008-10-14 00:00:00+05:30,11.92964379912747,12.227884609680784,11.184041061682004,12.078764915466309,4435,0.0,0.0
219,219.0,219.0,219.0,219.0,219.0,219.0,2008-10-15 00:00:00+05:30,12.078764915466309,12.078764915466309,12.078764915466309,12.078764915466309,0,0.0,0.0
220,220.0,220.0,220.0,220.0,220.0,220.0,2008-10-16 00:00:00+05:30,12.51866807735887,12.526122851735275,9.923970713342596,11.937097549438477,745,0.0,0.0
221,221.0,221.0,221.0,221.0,221.0,221.0,2008-10-17 00:00:00+05:30,10.438437461853027,13.27172706122058,9.9165157309728,10.438437461853027,26555,0.0,0.0
222,222.0,222.0,222.0,222.0,222.0,222.0,2008-10-20 00:00:00+05:30,11.75815519272536,11.76561067949086,10.170021319603668,10.908167839050291,2550,0.0,0.0
223,223.0,223.0,223.0,223.0,223.0,223.0,2008-10-21 00:00:00+05:30,12.95857511772395,12.95857511772395,10.617382947115589,12.570862770080566,3630,0.0,0.0
224,224.0,224.0,224.0,224.0,224.0,224.0,2008-10-22 00:00:00+05:30,14.315571640092298,14.315571640092298,10.587557629227428,12.227883338928224,1885,0.0,0.0
225,225.0,225.0,225.0,225.0,225.0,225.0,2008-10-23 00:00:00+05:30,11.929642029771788,11.929642029771788,10.73667754236978,11.527016639709473,2645,0.0,0.0
226,226.0,226.0,226.0,226.0,226.0,226.0,2008-10-24 00:00:00+05:30,11.631399924639526,11.92218446056522,11.60157585144043,11.60157585144043,1610,0.0,0.0
227,227.0,227.0,227.0,227.0,227.0,227.0,2008-10-27 00:00:00+05:30,9.290210137013004,12.675246536572937,9.290210137013004,12.078764915466309,790,0.0,0.0
228,228.0,228.0,228.0,228.0,228.0,228.0,2008-10-29 00:00:00+05:30,13.12260815508778,13.12260815508778,12.675246238708496,12.675246238708496,550,0.0,0.0
229,229.0,229.0,229.0,229.0,229.0,229.0,2008-10-31 00:00:00+05:30,11.482279449340115,13.11514949798584,11.482279449340115,13.11514949798584,1825,0.0,0.0
230,230.0,230.0,230.0,230.0,230.0,230.0,2008-11-03 00:00:00+05:30,13.11514949798584,13.11514949798584,13.11514949798584,13.11514949798584,0,0.0,0.0
231,231.0,231.0,231.0,231.0,231.0,231.0,2008-11-04 00:00:00+05:30,11.48228156840776,14.129172069575588,11.333161167076913,12.809454917907717,1030,0.0,0.0
232,232.0,232.0,232.0,232.0,232.0,232.0,2008-11-05 00:00:00+05:30,10.967815621773674,11.855082511901855,10.885799581680828,11.855082511901855,805,0.0,0.0
233,233.0,233.0,233.0,233.0,233.0,233.0,2008-11-06 00:00:00+05:30,9.730115584607663,12.675246170170036,9.730115584607663,11.899819374084473,27540,0.0,0.0
234,234.0,234.0,234.0,234.0,234.0,234.0,2008-11-07 00:00:00+05:30,11.929641772769472,12.175690577447876,10.438436551173288,11.780521392822266,2075,0.0,0.0
235,235.0,235.0,235.0,235.0,235.0,235.0,2008-11-10 00:00:00+05:30,12.220428691468298,12.220428691468298,10.438438563250363,11.325705528259276,75,0.0,0.0
236,236.0,236.0,236.0,236.0,236.0,236.0,2008-11-11 00:00:00+05:30,11.184040760897313,11.184040760897313,10.445894241333008,10.445894241333008,155,0.0,0.0
237,237.0,237.0,237.0,237.0,237.0,237.0,2008-11-12 00:00:00+05:30,10.005988027182024,11.146759929020137,10.005988027182024,10.28931713104248,20,0.0,0.0
238,238.0,238.0,238.0,238.0,238.0,238.0,2008-11-14 00:00:00+05:30,10.438437461853027,10.438437461853027,10.438437461853027,10.438437461853027,150,0.0,0.0
239,239.0,239.0,239.0,239.0,239.0,239.0,2008-11-17 00:00:00+05:30,10.438437461853027,10.438437461853027,10.438437461853027,10.438437461853027,0,0.0,0.0
240,240.0,240.0,240.0,240.0,240.0,240.0,2008-11-18 00:00:00+05:30,11.914729737489305,11.914729737489305,8.656446315660803,11.109478950500488,1010,0.0,0.0
241,241.0,241.0,241.0,241.0,241.0,241.0,2008-11-19 00:00:00+05:30,11.184040137699672,11.184040137699672,9.625730431410243,10.438437461853027,70,0.0,0.0
242,242.0,242.0,242.0,242.0,242.0,242.0,2008-11-20 00:00:00+05:30,12.481389894591455,12.481389894591455,10.43843852529566,10.669575691223145,115,0.0,0.0
243,243.0,243.0,243.0,243.0,243.0,243.0,2008-11-21 00:00:00+05:30,10.73667635982538,10.73667635982538,10.1401948928833,10.1401948928833,110,0.0,0.0
244,244.0,244.0,244.0,244.0,244.0,244.0,2008-11-24 00:00:00+05:30,11.184041156249728,11.184041156249728,9.991076481824882,10.043269157409668,270,0.0,0.0
245,245.0,245.0,245.0,245.0,245.0,245.0,2008-11-25 00:00:00+05:30,11.884906902959216,11.884906902959216,10.662118911743164,10.662118911743164,40,0.0,0.0
246,246.0,246.0,246.0,246.0,246.0,246.0,2008-11-26 00:00:00+05:30,10.662118911743164,10.662118911743164,10.662118911743164,10.662118911743164,0,0.0,0.0
247,247.0,247.0,247.0,247.0,247.0,247.0,2008-11-27 00:00:00+05:30,10.662118911743164,10.662118911743164,10.662118911743164,10.662118911743164,0,0.0,0.0
248,248.0,248.0,248.0,248.0,248.0,248.0,2008-11-28 00:00:00+05:30,12.51121339481183,12.51121339481183,9.096352490131714,10.505541801452637,40,0.0,0.0
249,249.0,249.0,249.0,249.0,249.0,249.0,2008-12-01 00:00:00+05:30,10.96035924929112,10.96035924929112,9.245472943782222,10.885799407958984,750,0.0,0.0
250,250.0,250.0,250.0,250.0,250.0,250.0,2008-12-02 00:00:00+05:30,10.885799407958984,10.885799407958984,10.885799407958984,10.885799407958984,0,0.0,0.0
251,251.0,251.0,251.0,251.0,251.0,251.0,2008-12-03 00:00:00+05:30,9.006880321743077,10.885799417534908,8.991968637888384,10.28931713104248,1265,0.0,0.0
252,252.0,252.0,252.0,252.0,252.0,252.0,2008-12-04 00:00:00+05:30,12.347179844405732,12.347179844405732,9.513890260967868,9.99107551574707,2565,0.0,0.0
253,253.0,253.0,253.0,253.0,253.0,253.0,2008-12-05 00:00:00+05:30,10.736676250532506,10.736676250532506,10.58755588531494,10.58755588531494,55,0.0,0.0
254,254.0,254.0,254.0,254.0,254.0,254.0,2008-12-08 00:00:00+05:30,11.482280731201172,11.482280731201172,11.482280731201172,11.482280731201172,5,0.0,0.0
255,255.0,255.0,255.0,255.0,255.0,255.0,2008-12-10 00:00:00+05:30,13.405933413108173,13.405933413108173,9.991073815085784,10.1401948928833,37245,0.0,0.0
256,256.0,256.0,256.0,256.0,256.0,256.0,2008-12-11 00:00:00+05:30,10.438437461853027,10.51299801386254,10.438437461853027,10.438437461853027,1000,0.0,0.0
257,257.0,257.0,257.0,257.0,257.0,257.0,2008-12-12 00:00:00+05:30,11.631399212200234,11.631399212200234,8.991966407032129,9.170910835266112,10720,0.0,0.0
258,258.0,258.0,258.0,258.0,258.0,258.0,2008-12-15 00:00:00+05:30,9.804674429590232,10.721766046356857,9.394593546522923,10.14765167236328,2055,0.0,0.0
259,259.0,259.0,259.0,259.0,259.0,259.0,2008-12-16 00:00:00+05:30,11.034920382415024,11.034920382415024,9.051617263824234,9.916516304016112,5250,0.0,0.0
260,260.0,260.0,260.0,260.0,260.0,260.0,2008-12-17 00:00:00+05:30,9.841953161277084,10.438435321882782,9.193279051601806,9.245471000671388,5350,0.0,0.0
261,261.0,261.0,261.0,261.0,261.0,261.0,2008-12-18 00:00:00+05:30,8.902497265872151,10.438439372056417,8.902497265872151,9.349859237670898,3760,0.0,0.0
262,262.0,262.0,262.0,262.0,262.0,262.0,2008-12-19 00:00:00+05:30,9.54371452331543,9.54371452331543,9.54371452331543,9.54371452331543,250,0.0,0.0
263,263.0,263.0,263.0,263.0,263.0,263.0,2008-12-22 00:00:00+05:30,9.185827052556988,9.22310733795166,9.178371564327897,9.22310733795166,1250,0.0,0.0
264,264.0,264.0,264.0,264.0,264.0,264.0,2008-12-23 00:00:00+05:30,9.18582534790039,9.18582534790039,9.18582534790039,9.18582534790039,130,0.0,0.0
265,265.0,265.0,265.0,265.0,265.0,265.0,2008-12-24 00:00:00+05:30,8.440222253359757,9.096352708227116,8.440222253359757,8.798111915588379,300,0.0,0.0
266,266.0,266.0,266.0,266.0,266.0,266.0,2008-12-26 00:00:00+05:30,8.790655421458323,8.790655421458323,8.5147825198084,8.589343070983887,55,0.0,0.0
267,267.0,267.0,267.0,267.0,267.0,267.0,2008-12-29 00:00:00+05:30,8.127067604620624,8.238908415052034,7.977947235107422,7.977947235107422,1000,0.0,0.0
268,268.0,268.0,268.0,268.0,268.0,268.0,2008-12-30 00:00:00+05:30,8.947230525750683,8.947230525750683,7.851194587248866,8.909950256347656,2385,0.0,0.0
269,269.0,269.0,269.0,269.0,269.0,269.0,2008-12-31 00:00:00+05:30,8.648992321244203,10.438438665126766,8.648992321244203,9.871780395507812,7795,0.0,0.0
270,270.0,270.0,270.0,270.0,270.0,270.0,2009-01-02 00:00:00+05:30,9.633186574662668,10.6621183468735,9.625730377291214,9.99107551574707,9535,0.0,0.0
271,271.0,271.0,271.0,271.0,271.0,271.0,2009-01-05 00:00:00+05:30,10.1401948928833,10.1401948928833,10.1401948928833,10.1401948928833,5,0.0,0.0
272,272.0,272.0,272.0,272.0,272.0,272.0,2009-01-06 00:00:00+05:30,9.20073732215943,9.394594192504885,9.20073732215943,9.394594192504885,1225,0.0,0.0
273,273.0,273.0,273.0,273.0,273.0,273.0,2009-01-07 00:00:00+05:30,9.111265858429691,9.692835807800291,9.111265858429691,9.692835807800291,1620,0.0,0.0
274,274.0,274.0,274.0,274.0,274.0,274.0,2009-01-09 00:00:00+05:30,9.536259651184082,9.536259651184082,8.201630686152642,9.536259651184082,1090,0.0,0.0
275,275.0,275.0,275.0,275.0,275.0,275.0,2009-01-12 00:00:00+05:30,9.677921295166016,9.677921295166016,9.677921295166016,9.677921295166016,15,0.0,0.0
276,276.0,276.0,276.0,276.0,276.0,276.0,2009-01-13 00:00:00+05:30,9.677921295166016,9.677921295166016,9.677921295166016,9.677921295166016,0,0.0,0.0
277,277.0,277.0,277.0,277.0,277.0,277.0,2009-01-14 00:00:00+05:30,8.283646864740508,9.827045146633347,8.283646864740508,9.633188247680664,455,0.0,0.0
278,278.0,278.0,278.0,278.0,278.0,278.0,2009-01-15 00:00:00+05:30,8.134525972486752,8.9323206956613,8.134525972486752,8.716095924377441,400,0.0,0.0
279,279.0,279.0,279.0,279.0,279.0,279.0,2009-01-16 00:00:00+05:30,7.903388810269958,9.394594192504885,7.903388810269958,9.394594192504885,2000,0.0,0.0
280,280.0,280.0,280.0,280.0,280.0,280.0,2009-01-19 00:00:00+05:30,9.394594192504885,9.394594192504885,9.394594192504885,9.394594192504885,0,0.0,0.0
281,281.0,281.0,281.0,281.0,281.0,281.0,2009-01-20 00:00:00+05:30,9.379680748321334,9.379680748321334,8.12706813980003,8.201628684997559,7025,0.0,0.0
282,282.0,282.0,282.0,282.0,282.0,282.0,2009-01-21 00:00:00+05:30,9.54371470890742,9.54371470890742,8.052509307861328,8.052509307861328,6300,0.0,0.0
283,283.0,283.0,283.0,283.0,283.0,283.0,2009-01-22 00:00:00+05:30,8.201628684997559,8.201628684997559,8.201628684997559,8.201628684997559,205,0.0,0.0
284,284.0,284.0,284.0,284.0,284.0,284.0,2009-01-23 00:00:00+05:30,7.538042322550197,8.93977535027539,7.530586836668027,8.693726539611816,1250,0.0,0.0
285,285.0,285.0,285.0,285.0,285.0,285.0,2009-01-27 00:00:00+05:30,7.6573381423950195,7.6573381423950195,7.6573381423950195,7.6573381423950195,250,0.0,0.0
286,286.0,286.0,286.0,286.0,286.0,286.0,2009-01-28 00:00:00+05:30,7.500763086472675,8.32092558736681,7.456026613921817,7.545498847961426,2915,0.0,0.0
287,287.0,287.0,287.0,287.0,287.0,287.0,2009-01-29 00:00:00+05:30,7.530588243640679,8.499871273501855,7.485851764678955,7.485851764678955,2795,0.0,0.0
288,288.0,288.0,288.0,288.0,288.0,288.0,2009-01-30 00:00:00+05:30,7.754266738891602,7.754266738891602,7.456025983958097,7.754266738891602,875,0.0,0.0
289,289.0,289.0,289.0,289.0,289.0,289.0,2009-02-02 00:00:00+05:30,8.790654954052336,8.790654954052336,7.45602627862156,7.843739986419678,2000,0.0,0.0
290,290.0,290.0,290.0,290.0,290.0,290.0,2009-02-03 00:00:00+05:30,7.493306636810303,7.493306636810303,7.493306636810303,7.493306636810303,100,0.0,0.0
291,291.0,291.0,291.0,291.0,291.0,291.0,2009-02-04 00:00:00+05:30,6.5911288226243965,7.746813297271728,6.5911288226243965,7.746813297271728,1355,0.0,0.0
292,292.0,292.0,292.0,292.0,292.0,292.0,2009-02-05 00:00:00+05:30,7.336731633212787,7.590236697857801,6.7104251702220985,7.2994513511657715,1250,0.0,0.0
293,293.0,293.0,293.0,293.0,293.0,293.0,2009-02-06 00:00:00+05:30,7.456026820610222,7.60514721481,7.098137874530753,7.44111442565918,1365,0.0,0.0
294,294.0,294.0,294.0,294.0,294.0,294.0,2009-02-09 00:00:00+05:30,7.291995732216599,7.306908130645752,7.157787701665694,7.306908130645752,750,0.0,0.0
295,295.0,295.0,295.0,295.0,295.0,295.0,2009-02-10 00:00:00+05:30,7.456026717903521,8.626622685074496,6.412183261821876,7.195065498352051,10295,0.0,0.0
296,296.0,296.0,296.0,296.0,296.0,296.0,2009-02-11 00:00:00+05:30,7.605148093827271,7.605148093827271,6.658232947915852,7.485851764678955,1520,0.0,0.0
297,297.0,297.0,297.0,297.0,297.0,297.0,2009-02-12 00:00:00+05:30,7.605147272967726,7.873564695642085,7.46348307516014,7.64988374710083,5505,0.0,0.0
298,298.0,298.0,298.0,298.0,298.0,298.0,2009-02-13 00:00:00+05:30,7.463483880729198,7.605148093827271,7.456027682391876,7.485851764678955,1675,0.0,0.0
299,299.0,299.0,299.0,299.0,299.0,299.0,2009-02-16 00:00:00+05:30,7.485851764678955,7.485851764678955,7.485851764678955,7.485851764678955,0,0.0,0.0
300,300.0,300.0,300.0,300.0,300.0,300.0,2009-02-17 00:00:00+05:30,7.485851764678955,7.485851764678955,7.485851764678955,7.485851764678955,0,0.0,0.0
301,301.0,301.0,301.0,301.0,301.0,301.0,2009-02-18 00:00:00+05:30,6.583671809175882,7.597691229053391,6.583671809175882,7.165241718292236,10750,0.0,0.0
302,302.0,302.0,302.0,302.0,302.0,302.0,2009-02-19 00:00:00+05:30,7.59769278939129,7.59769278939129,7.306908130645752,7.306908130645752,575,0.0,0.0
303,303.0,303.0,303.0,303.0,303.0,303.0,2009-02-20 00:00:00+05:30,7.306908130645752,7.306908130645752,7.306908130645752,7.306908130645752,0,0.0,0.0
304,304.0,304.0,304.0,304.0,304.0,304.0,2009-02-24 00:00:00+05:30,6.464376089491558,6.576216220855714,6.456919891117357,6.576216220855713,1900,0.0,0.0
305,305.0,305.0,305.0,305.0,305.0,305.0,2009-02-25 00:00:00+05:30,6.598584300589008,6.710424423217773,6.188502665846601,6.710424423217773,1005,0.0,0.0
306,306.0,306.0,306.0,306.0,306.0,306.0,2009-02-26 00:00:00+05:30,6.136309623718262,6.136309623718262,6.136309623718262,6.136309623718262,350,0.0,0.0
307,307.0,307.0,307.0,307.0,307.0,307.0,2009-02-27 00:00:00+05:30,5.82315731048584,5.82315731048584,5.82315731048584,5.82315731048584,5000,0.0,0.0
308,308.0,308.0,308.0,308.0,308.0,308.0,2009-03-02 00:00:00+05:30,5.82315731048584,5.82315731048584,5.82315731048584,5.82315731048584,0,0.0,0.0
309,309.0,309.0,309.0,309.0,309.0,309.0,2009-03-03 00:00:00+05:30,6.6880570014298195,6.859545296077202,5.480180251875179,6.382359981536865,13065,0.0,0.0
310,310.0,310.0,310.0,310.0,310.0,310.0,2009-03-04 00:00:00+05:30,7.456026299513271,7.456026299513271,6.494198935318542,7.403834342956543,3985,0.0,0.0
311,311.0,311.0,311.0,311.0,311.0,311.0,2009-03-05 00:00:00+05:30,6.635863038864989,6.710423585349253,6.561303203442795,6.65077543258667,780,0.0,0.0
312,312.0,312.0,312.0,312.0,312.0,312.0,2009-03-06 00:00:00+05:30,6.650775617168615,6.650775617168615,6.374902725219727,6.374902725219727,1350,0.0,0.0
313,313.0,313.0,313.0,313.0,313.0,313.0,2009-03-09 00:00:00+05:30,5.845524350533124,6.978839904234956,5.845524350533124,6.456918239593506,16100,0.0,0.0
314,314.0,314.0,314.0,314.0,314.0,314.0,2009-03-12 00:00:00+05:30,6.71042592027083,7.001211299465,5.860438736585249,6.41964054107666,16565,0.0,0.0
315,315.0,315.0,315.0,315.0,315.0,315.0,2009-03-13 00:00:00+05:30,5.9946451624432875,7.068312644958496,5.9946451624432875,7.068312644958496,8755,0.0,0.0
316,316.0,316.0,316.0,316.0,316.0,316.0,2009-03-16 00:00:00+05:30,7.679708878851071,7.761724929764808,6.852089326910187,7.605148315429688,10200,0.0,0.0
317,317.0,317.0,317.0,317.0,317.0,317.0,2009-03-17 00:00:00+05:30,7.575323458433353,7.784092019199819,7.575323458433353,7.634971618652344,4390,0.0,0.0
318,318.0,318.0,318.0,318.0,318.0,318.0,2009-03-18 00:00:00+05:30,7.903387186966334,8.164347648620605,7.098136502837628,8.164347648620605,350,0.0,0.0
319,319.0,319.0,319.0,319.0,319.0,319.0,2009-03-19 00:00:00+05:30,8.164347648620605,8.164347648620605,8.164347648620605,8.164347648620605,0,0.0,0.0
320,320.0,320.0,320.0,320.0,320.0,320.0,2009-03-20 00:00:00+05:30,8.164347648620605,8.164347648620605,8.164347648620605,8.164347648620605,0,0.0,0.0
321,321.0,321.0,321.0,321.0,321.0,321.0,2009-03-23 00:00:00+05:30,8.470046997070312,8.470046997070312,8.470046997070312,8.470046997070312,50,0.0,0.0
322,322.0,322.0,322.0,322.0,322.0,322.0,2009-03-24 00:00:00+05:30,8.470046997070312,8.470046997070312,8.470046997070312,8.470046997070312,0,0.0,0.0
323,323.0,323.0,323.0,323.0,323.0,323.0,2009-03-25 00:00:00+05:30,8.470046997070312,8.470046997070312,8.470046997070312,8.470046997070312,0,0.0,0.0
324,324.0,324.0,324.0,324.0,324.0,324.0,2009-03-26 00:00:00+05:30,8.470046997070312,8.470046997070312,8.470046997070312,8.470046997070312,0,0.0,0.0
325,325.0,325.0,325.0,325.0,325.0,325.0,2009-03-27 00:00:00+05:30,8.470046997070312,8.470046997070312,8.470046997070312,8.470046997070312,0,0.0,0.0
326,326.0,326.0,326.0,326.0,326.0,326.0,2009-03-30 00:00:00+05:30,8.470046997070312,8.470046997070312,8.470046997070312,8.470046997070312,0,0.0,0.0
327,327.0,327.0,327.0,327.0,327.0,327.0,2009-03-31 00:00:00+05:30,8.052509307861328,8.052509307861328,8.052509307861328,8.052509307861328,740,0.0,0.0
328,328.0,328.0,328.0,328.0,328.0,328.0,2009-04-01 00:00:00+05:30,8.194171905517578,8.194171905517578,8.194171905517578,8.194171905517578,5,0.0,0.0
329,329.0,329.0,329.0,329.0,329.0,329.0,2009-04-02 00:00:00+05:30,7.784089088439941,7.784089088439941,7.784089088439941,7.784089088439941,50,0.0,0.0
330,330.0,330.0,330.0,330.0,330.0,330.0,2009-04-06 00:00:00+05:30,7.45602560043335,7.45602560043335,7.45602560043335,7.45602560043335,50,0.0,0.0
331,331.0,331.0,331.0,331.0,331.0,331.0,2009-04-08 00:00:00+05:30,7.172698974609375,7.172698974609375,7.172698974609375,7.172698974609375,300,0.0,0.0
332,332.0,332.0,332.0,332.0,332.0,332.0,2009-04-09 00:00:00+05:30,7.224890812917638,7.30690757592692,6.829721528354997,7.232347011566162,3550,0.0,0.0
333,333.0,333.0,333.0,333.0,333.0,333.0,2009-04-13 00:00:00+05:30,7.232347011566162,7.232347011566162,7.232347011566162,7.232347011566162,0,0.0,0.0
334,334.0,334.0,334.0,334.0,334.0,334.0,2009-04-15 00:00:00+05:30,7.0757697650932565,7.597691535949707,7.0757697650932565,7.597691535949707,3380,0.0,0.0
335,335.0,335.0,335.0,335.0,335.0,335.0,2009-04-16 00:00:00+05:30,7.963035173557675,7.963035173557675,7.456025230353785,7.463481426239014,1800,0.0,0.0
336,336.0,336.0,336.0,336.0,336.0,336.0,2009-04-17 00:00:00+05:30,7.239802360534668,7.239802360534668,7.239802360534668,7.239802360534668,160,0.0,0.0
337,337.0,337.0,337.0,337.0,337.0,337.0,2009-04-20 00:00:00+05:30,7.239802360534668,7.239802360534668,7.239802360534668,7.239802360534668,0,0.0,0.0
338,338.0,338.0,338.0,338.0,338.0,338.0,2009-04-21 00:00:00+05:30,7.239802360534668,7.239802360534668,7.239802360534668,7.239802360534668,0,0.0,0.0
339,339.0,339.0,339.0,339.0,339.0,339.0,2009-04-22 00:00:00+05:30,7.157785892486572,7.157785892486572,7.157785892486572,7.157785892486572,1000,0.0,0.0
340,340.0,340.0,340.0,340.0,340.0,340.0,2009-04-23 00:00:00+05:30,7.150330033987791,7.165241718292236,7.150330033987791,7.165241718292236,60,0.0,0.0
341,341.0,341.0,341.0,341.0,341.0,341.0,2009-04-24 00:00:00+05:30,7.165241718292236,7.165241718292236,7.165241718292236,7.165241718292236,0,0.0,0.0
342,342.0,342.0,342.0,342.0,342.0,342.0,2009-04-27 00:00:00+05:30,7.165241718292236,7.165241718292236,7.165241718292236,7.165241718292236,0,0.0,0.0
343,343.0,343.0,343.0,343.0,343.0,343.0,2009-04-28 00:00:00+05:30,6.889369010925293,6.889369010925293,6.889369010925293,6.889369010925293,5,0.0,0.0
344,344.0,344.0,344.0,344.0,344.0,344.0,2009-04-29 00:00:00+05:30,6.889369010925293,6.889369010925293,6.889369010925293,6.889369010925293,0,0.0,0.0
345,345.0,345.0,345.0,345.0,345.0,345.0,2009-04-30 00:00:00+05:30,6.889369010925293,6.889369010925293,6.889369010925293,6.889369010925293,0,0.0,0.0
346,346.0,346.0,346.0,346.0,346.0,346.0,2009-05-04 00:00:00+05:30,6.889369010925293,6.889369010925293,6.889369010925293,6.889369010925293,0,0.0,0.0
347,347.0,347.0,347.0,347.0,347.0,347.0,2009-05-05 00:00:00+05:30,7.008664608001709,7.008664608001709,6.67314355855541,7.008664608001709,575,0.0,0.0
348,348.0,348.0,348.0,348.0,348.0,348.0,2009-05-06 00:00:00+05:30,7.008664608001709,7.008664608001709,7.008664608001709,7.008664608001709,0,0.0,0.0
349,349.0,349.0,349.0,349.0,349.0,349.0,2009-05-07 00:00:00+05:30,6.92664909362793,6.92664909362793,6.92664909362793,6.92664909362793,25,0.0,0.0
350,350.0,350.0,350.0,350.0,350.0,350.0,2009-05-08 00:00:00+05:30,6.926648511217985,7.605146801225342,6.874456553851909,6.919192314147949,6275,0.0,0.0
351,351.0,351.0,351.0,351.0,351.0,351.0,2009-05-11 00:00:00+05:30,6.859543848876456,7.306905697937509,6.859543848876456,7.083224773406982,1500,0.0,0.0
352,352.0,352.0,352.0,352.0,352.0,352.0,2009-05-12 00:00:00+05:30,7.083224773406982,7.083224773406982,7.083224773406982,7.083224773406982,0,0.0,0.0
353,353.0,353.0,353.0,353.0,353.0,353.0,2009-05-13 00:00:00+05:30,7.306905406790301,7.306905406790301,6.978839874267578,6.978839874267578,995,0.0,0.0
354,354.0,354.0,354.0,354.0,354.0,354.0,2009-05-14 00:00:00+05:30,6.978839874267578,6.978839874267578,6.978839874267578,6.978839874267578,0,0.0,0.0
355,355.0,355.0,355.0,355.0,355.0,355.0,2009-05-15 00:00:00+05:30,6.725336074829102,6.725336074829102,6.725336074829102,6.725336074829102,1000,0.0,0.0
356,356.0,356.0,356.0,356.0,356.0,356.0,2009-05-18 00:00:00+05:30,6.725336074829102,6.725336074829102,6.725336074829102,6.725336074829102,0,0.0,0.0
357,357.0,357.0,357.0,357.0,357.0,357.0,2009-05-19 00:00:00+05:30,7.381466388702393,7.381466388702393,7.381466388702393,7.381466388702393,250,0.0,0.0
358,358.0,358.0,358.0,358.0,358.0,358.0,2009-05-20 00:00:00+05:30,7.605147110049168,7.940668170142403,7.195065498352051,7.195065498352051,760,0.0,0.0
359,359.0,359.0,359.0,359.0,359.0,359.0,2009-05-21 00:00:00+05:30,7.918300151824951,7.918300151824951,7.918300151824951,7.918300151824951,500,0.0,0.0
360,360.0,360.0,360.0,360.0,360.0,360.0,2009-05-22 00:00:00+05:30,8.313470463674317,8.716095924377441,8.313470463674317,8.716095924377441,1675,0.0,0.0
361,361.0,361.0,361.0,361.0,361.0,361.0,2009-05-25 00:00:00+05:30,8.716095924377441,8.716095924377441,8.716095924377441,8.716095924377441,75,0.0,0.0
362,362.0,362.0,362.0,362.0,362.0,362.0,2009-05-26 00:00:00+05:30,9.156002044677734,9.156002044677734,9.156002044677734,9.156002044677734,1975,0.0,0.0
363,363.0,363.0,363.0,363.0,363.0,363.0,2009-05-27 00:00:00+05:30,9.618274688720703,9.618274688720703,9.618274688720703,9.618274688720703,500,0.0,0.0
364,364.0,364.0,364.0,364.0,364.0,364.0,2009-05-28 00:00:00+05:30,10.102916717529297,10.102916717529297,10.102916717529297,10.102916717529297,11335,0.0,0.0
365,365.0,365.0,365.0,365.0,365.0,365.0,2009-05-29 00:00:00+05:30,10.6099271774292,10.6099271774292,10.6099271774292,10.6099271774292,7200,0.0,0.0
366,366.0,366.0,366.0,366.0,366.0,366.0,2009-06-01 00:00:00+05:30,10.736677489591376,11.064743041992188,10.736677489591376,11.064743041992188,1670,0.0,0.0
367,367.0,367.0,367.0,367.0,367.0,367.0,2009-06-02 00:00:00+05:30,11.034919280083209,11.325703856339253,11.034919280083209,11.20640754699707,1585,0.0,0.0
368,368.0,368.0,368.0,368.0,368.0,368.0,2009-06-03 00:00:00+05:30,11.034919061528427,11.034919061528427,10.647205352783203,10.647205352783203,525,0.0,0.0
369,369.0,369.0,369.0,369.0,369.0,369.0,2009-06-04 00:00:00+05:30,10.438437938502124,11.176584450641286,10.147652625661475,10.729223251342772,3090,0.0,0.0
370,370.0,370.0,370.0,370.0,370.0,370.0,2009-06-05 00:00:00+05:30,10.438437461853027,10.66957460423282,10.289317068896125,10.438437461853027,2110,0.0,0.0
371,371.0,371.0,371.0,371.0,371.0,371.0,2009-06-08 00:00:00+05:30,10.005986207290334,10.1401948928833,10.005986207290334,10.1401948928833,1500,0.0,0.0
372,372.0,372.0,372.0,372.0,372.0,372.0,2009-06-09 00:00:00+05:30,9.640643458777252,10.41607026409245,9.640643458777252,9.648098945617676,1875,0.0,0.0
373,373.0,373.0,373.0,373.0,373.0,373.0,2009-06-10 00:00:00+05:30,9.342401504516602,9.342401504516602,9.342401504516602,9.342401504516602,125,0.0,0.0
374,374.0,374.0,374.0,374.0,374.0,374.0,2009-06-11 00:00:00+05:30,9.342401504516602,9.342401504516602,9.342401504516602,9.342401504516602,0,0.0,0.0
375,375.0,375.0,375.0,375.0,375.0,375.0,2009-06-12 00:00:00+05:30,9.342401504516602,9.342401504516602,9.342401504516602,9.342401504516602,0,0.0,0.0
376,376.0,376.0,376.0,376.0,376.0,376.0,2009-06-15 00:00:00+05:30,9.342401504516602,9.342401504516602,9.342401504516602,9.342401504516602,0,0.0,0.0
377,377.0,377.0,377.0,377.0,377.0,377.0,2009-06-16 00:00:00+05:30,9.394594192504885,9.394594192504885,9.394594192504885,9.394594192504885,750,0.0,0.0
378,378.0,378.0,378.0,378.0,378.0,378.0,2009-06-17 00:00:00+05:30,8.962145805358887,8.962145805358887,8.962145805358887,8.962145805358887,50,0.0,0.0
379,379.0,379.0,379.0,379.0,379.0,379.0,2009-06-18 00:00:00+05:30,8.962145805358887,8.962145805358887,8.962145805358887,8.962145805358887,0,0.0,0.0
380,380.0,380.0,380.0,380.0,380.0,380.0,2009-06-19 00:00:00+05:30,8.648993492126465,8.648993492126465,8.648993492126465,8.648993492126465,50,0.0,0.0
381,381.0,381.0,381.0,381.0,381.0,381.0,2009-06-22 00:00:00+05:30,9.081439971923828,9.081439971923828,9.081439971923828,9.081439971923828,2500,0.0,0.0
382,382.0,382.0,382.0,382.0,382.0,382.0,2009-06-23 00:00:00+05:30,9.528801578246778,9.528801578246778,9.52134609222412,9.52134609222412,500,0.0,0.0
383,383.0,383.0,383.0,383.0,383.0,383.0,2009-06-24 00:00:00+05:30,9.81213092803955,9.81213092803955,9.81213092803955,9.81213092803955,50,0.0,0.0
384,384.0,384.0,384.0,384.0,384.0,384.0,2009-06-25 00:00:00+05:30,9.841955380538078,9.841955380538078,9.394594192504885,9.394594192504885,390,0.0,0.0
385,385.0,385.0,385.0,385.0,385.0,385.0,2009-06-26 00:00:00+05:30,9.394594192504885,9.394594192504885,9.394594192504885,9.394594192504885,500,0.0,0.0
386,386.0,386.0,386.0,386.0,386.0,386.0,2009-06-29 00:00:00+05:30,9.073981285095217,9.073981285095217,9.073981285095217,9.073981285095217,650,0.0,0.0
387,387.0,387.0,387.0,387.0,387.0,387.0,2009-06-30 00:00:00+05:30,8.94723129272461,8.94723129272461,8.94723129272461,8.94723129272461,145,0.0,0.0
388,388.0,388.0,388.0,388.0,388.0,388.0,2009-07-01 00:00:00+05:30,9.096353530883787,9.096353530883787,9.096353530883787,9.096353530883787,500,0.0,0.0
389,389.0,389.0,389.0,389.0,389.0,389.0,2009-07-02 00:00:00+05:30,8.813024746125926,9.536259651184082,8.813024746125926,9.536259651184082,1000,0.0,0.0
390,390.0,390.0,390.0,390.0,390.0,390.0,2009-07-03 00:00:00+05:30,9.536259651184082,9.536259651184082,9.536259651184082,9.536259651184082,0,0.0,0.0
391,391.0,391.0,391.0,391.0,391.0,391.0,2009-07-06 00:00:00+05:30,9.536259651184082,9.536259651184082,9.536259651184082,9.536259651184082,0,0.0,0.0
392,392.0,392.0,392.0,392.0,392.0,392.0,2009-07-07 00:00:00+05:30,9.096353159867126,9.961252212524414,9.096353159867126,9.961252212524414,30,0.0,0.0
393,393.0,393.0,393.0,393.0,393.0,393.0,2009-07-08 00:00:00+05:30,9.54371452331543,9.54371452331543,9.521346641832116,9.54371452331543,170,0.0,0.0
394,394.0,394.0,394.0,394.0,394.0,394.0,2009-07-09 00:00:00+05:30,9.54371452331543,9.54371452331543,9.54371452331543,9.54371452331543,15,0.0,0.0
395,395.0,395.0,395.0,395.0,395.0,395.0,2009-07-10 00:00:00+05:30,9.54371452331543,9.54371452331543,9.54371452331543,9.54371452331543,0,0.0,0.0
396,396.0,396.0,396.0,396.0,396.0,396.0,2009-07-13 00:00:00+05:30,9.54371452331543,9.54371452331543,9.54371452331543,9.54371452331543,0,0.0,0.0
397,397.0,397.0,397.0,397.0,397.0,397.0,2009-07-14 00:00:00+05:30,9.618274123442214,9.618274123442214,9.0665283203125,9.0665283203125,750,0.0,0.0
398,398.0,398.0,398.0,398.0,398.0,398.0,2009-07-15 00:00:00+05:30,9.0665283203125,9.0665283203125,9.0665283203125,9.0665283203125,0,0.0,0.0
399,399.0,399.0,399.0,399.0,399.0,399.0,2009-07-16 00:00:00+05:30,9.0665283203125,9.0665283203125,9.0665283203125,9.0665283203125,0,0.0,0.0
400,400.0,400.0,400.0,400.0,400.0,400.0,2009-07-17 00:00:00+05:30,9.245473104546484,9.245473104546484,8.798111915588379,8.798111915588379,1125,0.0,0.0
401,401.0,401.0,401.0,401.0,401.0,401.0,2009-07-20 00:00:00+05:30,8.875288009643555,8.875288009643555,8.875288009643555,8.875288009643555,295,0.4,0.0
402,402.0,402.0,402.0,402.0,402.0,402.0,2009-07-21 00:00:00+05:30,8.690063554390724,8.759522438049316,8.690063554390724,8.759522438049316,1500,0.0,0.0
403,403.0,403.0,403.0,403.0,403.0,403.0,2009-07-22 00:00:00+05:30,8.759524497682236,9.199429882939818,8.736371040344238,8.736371040344238,2210,0.0,0.0
404,404.0,404.0,404.0,404.0,404.0,404.0,2009-07-23 00:00:00+05:30,8.736371040344238,8.736371040344238,8.736371040344238,8.736371040344238,0,0.0,0.0
405,405.0,405.0,405.0,405.0,405.0,405.0,2009-07-24 00:00:00+05:30,8.736371040344238,8.736371040344238,8.736371040344238,8.736371040344238,0,0.0,0.0
406,406.0,406.0,406.0,406.0,406.0,406.0,2009-07-27 00:00:00+05:30,8.736371040344238,8.736371040344238,8.736371040344238,8.736371040344238,0,0.0,0.0
407,407.0,407.0,407.0,407.0,407.0,407.0,2009-07-28 00:00:00+05:30,9.176275253295898,9.176275253295898,9.176275253295898,9.176275253295898,145,0.0,0.0
408,408.0,408.0,408.0,408.0,408.0,408.0,2009-07-29 00:00:00+05:30,8.898439407348633,8.898439407348633,8.898439407348633,8.898439407348633,250,0.0,0.0
409,409.0,409.0,409.0,409.0,409.0,409.0,2009-07-30 00:00:00+05:30,9.346064567565918,9.346064567565918,9.346064567565918,9.346064567565918,1050,0.0,0.0
410,410.0,410.0,410.0,410.0,410.0,410.0,2009-07-31 00:00:00+05:30,9.81684085791029,9.81684085791029,9.809123039245604,9.809123039245604,625,0.0,0.0
411,411.0,411.0,411.0,411.0,411.0,411.0,2009-08-03 00:00:00+05:30,9.361498832702637,9.361498832702637,9.361498832702637,9.361498832702637,1000,0.0,0.0
412,412.0,412.0,412.0,412.0,412.0,412.0,2009-08-04 00:00:00+05:30,9.299759864807127,9.299759864807127,9.299759864807127,9.299759864807127,125,0.0,0.0
413,413.0,413.0,413.0,413.0,413.0,413.0,2009-08-05 00:00:00+05:30,9.77053451538086,9.77053451538086,9.77053451538086,9.77053451538086,40,0.0,0.0
414,414.0,414.0,414.0,414.0,414.0,414.0,2009-08-06 00:00:00+05:30,9.77053451538086,9.77053451538086,9.77053451538086,9.77053451538086,225,0.0,0.0
415,415.0,415.0,415.0,415.0,415.0,415.0,2009-08-07 00:00:00+05:30,9.33834753733313,10.032935054385923,9.307476997375488,9.307476997375488,325,0.0,0.0
416,416.0,416.0,416.0,416.0,416.0,416.0,2009-08-10 00:00:00+05:30,9.307476997375488,9.307476997375488,9.307476997375488,9.307476997375488,0,0.0,0.0
417,417.0,417.0,417.0,417.0,417.0,417.0,2009-08-11 00:00:00+05:30,9.307476997375488,9.307476997375488,9.307476997375488,9.307476997375488,0,0.0,0.0
418,418.0,418.0,418.0,418.0,418.0,418.0,2009-08-12 00:00:00+05:30,9.307476997375488,9.307476997375488,9.307476997375488,9.307476997375488,0,0.0,0.0
419,419.0,419.0,419.0,419.0,419.0,419.0,2009-08-13 00:00:00+05:30,9.42324064698129,9.724228941498394,9.42324064698129,9.631616592407228,410,0.0,0.0
420,420.0,420.0,420.0,420.0,420.0,420.0,2009-08-14 00:00:00+05:30,10.117828369140623,10.117828369140623,10.117828369140623,10.117828369140623,780,0.0,0.0
421,421.0,421.0,421.0,421.0,421.0,421.0,2009-08-17 00:00:00+05:30,10.117828369140623,10.117828369140623,10.117828369140623,10.117828369140623,0,0.0,0.0
422,422.0,422.0,422.0,422.0,422.0,422.0,2009-08-18 00:00:00+05:30,10.117828369140623,10.117828369140623,10.117828369140623,10.117828369140623,0,0.0,0.0
423,423.0,423.0,423.0,423.0,423.0,423.0,2009-08-19 00:00:00+05:30,10.187287062853368,10.187287062853368,10.179569244384766,10.179569244384766,2050,0.0,0.0
424,424.0,424.0,424.0,424.0,424.0,424.0,2009-08-20 00:00:00+05:30,10.202722286353817,10.688933789998243,10.202722286353817,10.673498153686523,2625,0.0,0.0
425,425.0,425.0,425.0,425.0,425.0,425.0,2009-08-21 00:00:00+05:30,10.688934292935748,10.688934292935748,10.519145965576172,10.519145965576172,495,0.0,0.0
426,426.0,426.0,426.0,426.0,426.0,426.0,2009-08-24 00:00:00+05:30,10.18728686990814,10.959051037871054,10.071522539118368,10.511427879333496,2050,0.0,0.0
427,427.0,427.0,427.0,427.0,427.0,427.0,2009-08-25 00:00:00+05:30,10.056085663712446,11.020790754828688,10.056085663712446,10.125544548034668,450,0.0,0.0
428,428.0,428.0,428.0,428.0,428.0,428.0,2009-08-26 00:00:00+05:30,10.495990753173828,10.495990753173828,10.495990753173828,10.495990753173828,1930,0.0,0.0
429,429.0,429.0,429.0,429.0,429.0,429.0,2009-08-27 00:00:00+05:30,10.495990753173828,10.495990753173828,10.495990753173828,10.495990753173828,0,0.0,0.0
430,430.0,430.0,430.0,430.0,430.0,430.0,2009-08-28 00:00:00+05:30,10.495990753173828,10.495990753173828,10.495990753173828,10.495990753173828,0,0.0,0.0
431,431.0,431.0,431.0,431.0,431.0,431.0,2009-08-31 00:00:00+05:30,10.071522202555766,10.80469799041748,10.071522202555766,10.80469799041748,1750,0.0,0.0
432,432.0,432.0,432.0,432.0,432.0,432.0,2009-09-01 00:00:00+05:30,10.341639272348262,11.08253288269043,10.264463299277988,11.08253288269043,2100,0.0,0.0
433,433.0,433.0,433.0,433.0,433.0,433.0,2009-09-02 00:00:00+05:30,10.573168754577637,10.573168754577637,10.573168754577637,10.573168754577637,505,0.0,0.0
434,434.0,434.0,434.0,434.0,434.0,434.0,2009-09-03 00:00:00+05:30,10.959051175863031,10.959051175863031,10.048369946687794,10.38022804260254,1630,0.0,0.0
435,435.0,435.0,435.0,435.0,435.0,435.0,2009-09-04 00:00:00+05:30,10.78926251145046,10.804698147804348,10.573168754577637,10.573168754577637,820,0.0,0.0
436,436.0,436.0,436.0,436.0,436.0,436.0,2009-09-07 00:00:00+05:30,10.573168754577637,10.573168754577637,10.573168754577637,10.573168754577637,0,0.0,0.0
437,437.0,437.0,437.0,437.0,437.0,437.0,2009-09-08 00:00:00+05:30,10.580886908533708,10.650345802307127,10.580886908533708,10.650345802307127,325,0.0,0.0
438,438.0,438.0,438.0,438.0,438.0,438.0,2009-09-09 00:00:00+05:30,11.105687958594054,11.175146123695583,10.249029159545898,10.249029159545898,6295,0.0,0.0
439,439.0,439.0,439.0,439.0,439.0,439.0,2009-09-10 00:00:00+05:30,10.50371032853817,10.534580866602488,10.50371032853817,10.519145965576172,2585,0.0,0.0
440,440.0,440.0,440.0,440.0,440.0,440.0,2009-09-11 00:00:00+05:30,11.05166289621791,11.05166289621791,10.218157635107158,10.61947536468506,5110,0.0,0.0
441,441.0,441.0,441.0,441.0,441.0,441.0,2009-09-14 00:00:00+05:30,10.61947536468506,10.61947536468506,10.61947536468506,10.61947536468506,0,0.0,0.0
442,442.0,442.0,442.0,442.0,442.0,442.0,2009-09-15 00:00:00+05:30,10.164133769974496,11.105686225680698,10.164133769974496,10.634909629821776,1220,0.0,0.0
443,443.0,443.0,443.0,443.0,443.0,443.0,2009-09-16 00:00:00+05:30,11.167428036955984,11.167428036955984,10.418816566467283,10.418816566467283,2500,0.0,0.0
444,444.0,444.0,444.0,444.0,444.0,444.0,2009-09-17 00:00:00+05:30,10.426534270904082,10.928180694580078,10.426534270904082,10.928180694580078,650,0.0,0.0
445,445.0,445.0,445.0,445.0,445.0,445.0,2009-09-18 00:00:00+05:30,11.113404429182806,11.422110557556152,10.696651781488743,11.422110557556152,270,0.0,0.0
446,446.0,446.0,446.0,446.0,446.0,446.0,2009-09-22 00:00:00+05:30,10.85872163336436,11.097968849843134,10.851004551035368,10.889592170715332,11140,0.0,0.0
447,447.0,447.0,447.0,447.0,447.0,447.0,2009-09-23 00:00:00+05:30,10.596319198608398,10.596319198608398,10.596319198608398,10.596319198608398,1000,0.0,0.0
448,448.0,448.0,448.0,448.0,448.0,448.0,2009-09-24 00:00:00+05:30,10.596319198608398,10.596319198608398,10.596319198608398,10.596319198608398,0,0.0,0.0
449,449.0,449.0,449.0,449.0,449.0,449.0,2009-09-25 00:00:00+05:30,10.61175537109375,10.61175537109375,10.61175537109375,10.61175537109375,250,0.0,0.0
450,450.0,450.0,450.0,450.0,450.0,450.0,2009-09-29 00:00:00+05:30,11.144274711608888,11.144274711608888,11.144274711608888,11.144274711608888,550,0.0,0.0
451,451.0,451.0,451.0,451.0,451.0,451.0,2009-09-30 00:00:00+05:30,11.653641185998293,11.653641185998293,10.812417984008787,10.812417984008787,400,0.0,0.0
452,452.0,452.0,452.0,452.0,452.0,452.0,2009-10-01 00:00:00+05:30,10.804697932351344,11.25232107352497,10.634909615902563,11.213732719421388,15305,0.0,0.0
453,453.0,453.0,453.0,453.0,453.0,453.0,2009-10-05 00:00:00+05:30,10.727522073518523,11.267757601719698,10.658063913846544,11.144274711608888,13795,0.0,0.0
454,454.0,454.0,454.0,454.0,454.0,454.0,2009-10-06 00:00:00+05:30,10.650346962816446,10.650346962816446,10.588605880737305,10.588605880737305,150,0.0,0.0
455,455.0,455.0,455.0,455.0,455.0,455.0,2009-10-07 00:00:00+05:30,10.06380558013916,10.573169856727173,10.06380558013916,10.06380558013916,2580,0.0,0.0
456,456.0,456.0,456.0,456.0,456.0,456.0,2009-10-08 00:00:00+05:30,9.878581943885765,10.18728733062744,9.878581943885765,10.18728733062744,1025,0.0,0.0
457,457.0,457.0,457.0,457.0,457.0,457.0,2009-10-09 00:00:00+05:30,9.878582584282515,10.032935287659544,9.84771204360711,9.901735305786133,3325,0.0,0.0
458,458.0,458.0,458.0,458.0,458.0,458.0,2009-10-12 00:00:00+05:30,9.461828234107108,9.724228151178744,9.461828234107108,9.670204162597656,625,0.0,0.0
459,459.0,459.0,459.0,459.0,459.0,459.0,2009-10-13 00:00:00+05:30,9.670204162597656,9.670204162597656,9.670204162597656,9.670204162597656,0,0.0,0.0
460,460.0,460.0,460.0,460.0,460.0,460.0,2009-10-14 00:00:00+05:30,9.994345896449,10.002063714824352,9.72422887741678,9.832275390625,2235,0.0,0.0
461,461.0,461.0,461.0,461.0,461.0,461.0,2009-10-15 00:00:00+05:30,10.233592834983456,10.326204444927583,9.824557304382324,9.824557304382324,1090,0.0,0.0
462,462.0,462.0,462.0,462.0,462.0,462.0,2009-10-16 00:00:00+05:30,9.824557304382324,9.824557304382324,9.824557304382324,9.824557304382324,0,0.0,0.0
463,463.0,463.0,463.0,463.0,463.0,463.0,2009-10-20 00:00:00+05:30,10.040649657352144,10.60403701512872,10.040649657352144,10.596319198608398,2260,0.0,0.0
464,464.0,464.0,464.0,464.0,464.0,464.0,2009-10-21 00:00:00+05:30,10.596320983785064,10.78154493142024,10.418815589982056,10.727520942687988,1475,0.0,0.0
465,465.0,465.0,465.0,465.0,465.0,465.0,2009-10-22 00:00:00+05:30,10.79698017235296,10.80469799041748,10.79698017235296,10.80469799041748,625,0.0,0.0
466,466.0,466.0,466.0,466.0,466.0,466.0,2009-10-23 00:00:00+05:30,10.80469799041748,10.80469799041748,10.80469799041748,10.80469799041748,1100,0.0,0.0
467,467.0,467.0,467.0,467.0,467.0,467.0,2009-10-26 00:00:00+05:30,10.418817157100998,10.881875991821287,10.418817157100998,10.881875991821287,200,0.0,0.0
468,468.0,468.0,468.0,468.0,468.0,468.0,2009-10-27 00:00:00+05:30,10.920463045452312,11.097969192713167,10.696651458740234,10.696651458740234,5805,0.0,0.0
469,469.0,469.0,469.0,469.0,469.0,469.0,2009-10-28 00:00:00+05:30,10.696651458740234,10.696651458740234,10.696651458740234,10.696651458740234,0,0.0,0.0
470,470.0,470.0,470.0,470.0,470.0,470.0,2009-10-29 00:00:00+05:30,11.229169578201809,11.229169578201809,11.22145175933838,11.22145175933838,10,0.0,0.0
471,471.0,471.0,471.0,471.0,471.0,471.0,2009-10-30 00:00:00+05:30,11.22145175933838,11.22145175933838,11.22145175933838,11.22145175933838,0,0.0,0.0
472,472.0,472.0,472.0,472.0,472.0,472.0,2009-11-03 00:00:00+05:30,11.22145175933838,11.22145175933838,11.22145175933838,11.22145175933838,0,0.0,0.0
473,473.0,473.0,473.0,473.0,473.0,473.0,2009-11-04 00:00:00+05:30,11.22145175933838,11.22145175933838,11.22145175933838,11.22145175933838,0,0.0,0.0
474,474.0,474.0,474.0,474.0,474.0,474.0,2009-11-05 00:00:00+05:30,11.22145175933838,11.22145175933838,11.22145175933838,11.22145175933838,0,0.0,0.0
475,475.0,475.0,475.0,475.0,475.0,475.0,2009-11-06 00:00:00+05:30,10.665780067443848,10.665780067443848,10.665780067443848,10.665780067443848,560,0.0,0.0
476,476.0,476.0,476.0,476.0,476.0,476.0,2009-11-09 00:00:00+05:30,10.04064999380812,11.090248787363947,10.04064999380812,10.164132118225098,415,0.0,0.0
477,477.0,477.0,477.0,477.0,477.0,477.0,2009-11-10 00:00:00+05:30,10.110110900084692,10.912745605751647,10.032934188842772,10.032934188842772,1925,0.0,0.0
478,478.0,478.0,478.0,478.0,478.0,478.0,2009-11-11 00:00:00+05:30,10.18728733062744,10.18728733062744,10.156416791953276,10.18728733062744,1470,0.0,0.0
479,479.0,479.0,479.0,479.0,479.0,479.0,2009-11-12 00:00:00+05:30,9.731945736687624,11.113403545705266,9.731945736687624,10.47283935546875,5020,0.0,0.0
480,480.0,480.0,480.0,480.0,480.0,480.0,2009-11-13 00:00:00+05:30,10.766110413115165,10.766110413115165,10.117828369140623,10.117828369140623,50,0.0,0.0
481,481.0,481.0,481.0,481.0,481.0,481.0,2009-11-16 00:00:00+05:30,10.032935040171331,10.959051973600184,10.032935040171331,10.881875991821287,7250,0.0,0.0
482,482.0,482.0,482.0,482.0,482.0,482.0,2009-11-17 00:00:00+05:30,10.056087874052066,10.758393216990356,10.056087874052066,10.580887794494627,2910,0.0,0.0
483,483.0,483.0,483.0,483.0,483.0,483.0,2009-11-18 00:00:00+05:30,10.580887794494627,10.580887794494627,10.580887794494627,10.580887794494627,0,0.0,0.0
484,484.0,484.0,484.0,484.0,484.0,484.0,2009-11-19 00:00:00+05:30,10.048370361328123,10.048370361328123,10.048370361328123,10.048370361328123,85,0.0,0.0
485,485.0,485.0,485.0,485.0,485.0,485.0,2009-11-20 00:00:00+05:30,10.048370361328123,10.048370361328123,10.048370361328123,10.048370361328123,0,0.0,0.0
486,486.0,486.0,486.0,486.0,486.0,486.0,2009-11-23 00:00:00+05:30,10.040652629618902,10.040652629618902,9.955758094787598,9.955758094787598,1050,0.0,0.0
487,487.0,487.0,487.0,487.0,487.0,487.0,2009-11-24 00:00:00+05:30,9.701075496823249,10.804698508580572,9.701075496823249,10.758392333984377,4595,0.0,0.0
488,488.0,488.0,488.0,488.0,488.0,488.0,2009-11-25 00:00:00+05:30,9.809124331550686,10.80470025409465,9.809124331550686,10.441970825195312,14270,0.0,0.0
489,489.0,489.0,489.0,489.0,489.0,489.0,2009-11-26 00:00:00+05:30,10.08695530095527,10.804696060497731,10.08695530095527,10.495990753173828,2800,0.0,0.0
490,490.0,490.0,490.0,490.0,490.0,490.0,2009-11-27 00:00:00+05:30,10.634910509408725,10.650346146751655,9.917170301231398,10.18728733062744,2760,0.0,0.0
491,491.0,491.0,491.0,491.0,491.0,491.0,2009-11-30 00:00:00+05:30,10.34163893046636,10.70436827354136,10.032933576367398,10.11011028289795,4440,0.0,0.0
492,492.0,492.0,492.0,492.0,492.0,492.0,2009-12-01 00:00:00+05:30,10.62719486788918,10.62719486788918,9.932606549510629,10.23359489440918,3475,0.0,0.0
493,493.0,493.0,493.0,493.0,493.0,493.0,2009-12-02 00:00:00+05:30,10.133264006383682,10.758392594493634,10.040652390960418,10.117828369140623,4940,0.0,0.0
494,494.0,494.0,494.0,494.0,494.0,494.0,2009-12-03 00:00:00+05:30,10.079241331256346,11.113404797993546,10.017499514723337,10.580887794494627,5270,0.0,0.0
495,495.0,495.0,495.0,495.0,495.0,495.0,2009-12-04 00:00:00+05:30,11.020790817425189,11.020790817425189,10.295332908630373,10.295332908630373,500,0.0,0.0
496,496.0,496.0,496.0,496.0,496.0,496.0,2009-12-07 00:00:00+05:30,10.195003141508485,10.604037882389369,9.461827440378876,9.90945053100586,4460,0.0,0.0
497,497.0,497.0,497.0,497.0,497.0,497.0,2009-12-08 00:00:00+05:30,9.90945053100586,9.90945053100586,9.90945053100586,9.90945053100586,0,0.0,0.0
498,498.0,498.0,498.0,498.0,498.0,498.0,2009-12-09 00:00:00+05:30,9.90945053100586,9.90945053100586,9.90945053100586,9.90945053100586,0,0.0,0.0
499,499.0,499.0,499.0,499.0,499.0,499.0,2009-12-10 00:00:00+05:30,10.14869640172632,10.14869640172632,10.09467315673828,10.09467315673828,250,0.0,0.0
500,500.0,500.0,500.0,500.0,500.0,500.0,2009-12-11 00:00:00+05:30,9.863146143505755,10.804698661521629,9.863146143505755,10.418816566467283,85,0.0,0.0
501,501.0,501.0,501.0,501.0,501.0,501.0,2009-12-14 00:00:00+05:30,10.418816566467283,10.418816566467283,10.418816566467283,10.418816566467283,0,0.0,0.0
502,502.0,502.0,502.0,502.0,502.0,502.0,2009-12-15 00:00:00+05:30,10.05608792537077,10.102394104003906,10.05608792537077,10.102394104003906,10,0.0,0.0
503,503.0,503.0,503.0,503.0,503.0,503.0,2009-12-16 00:00:00+05:30,9.693358279314891,10.804698358007697,9.693358279314891,10.781545639038086,60,0.0,0.0
504,504.0,504.0,504.0,504.0,504.0,504.0,2009-12-17 00:00:00+05:30,10.781545639038086,10.781545639038086,10.781545639038086,10.781545639038086,0,0.0,0.0
505,505.0,505.0,505.0,505.0,505.0,505.0,2009-12-18 00:00:00+05:30,10.959051533493334,10.959051533493334,10.18728733062744,10.18728733062744,1625,0.0,0.0
506,506.0,506.0,506.0,506.0,506.0,506.0,2009-12-21 00:00:00+05:30,10.34935855802752,10.804699586953884,9.724229922663197,9.801405906677246,7750,0.0,0.0
507,507.0,507.0,507.0,507.0,507.0,507.0,2009-12-22 00:00:00+05:30,10.032932986008031,10.650344393887766,9.83999196704634,10.395662307739258,1255,0.0,0.0
508,508.0,508.0,508.0,508.0,508.0,508.0,2009-12-23 00:00:00+05:30,10.39566446944316,10.604040430526055,9.894017274221872,10.34164047241211,1845,0.0,0.0
509,509.0,509.0,509.0,509.0,509.0,509.0,2009-12-24 00:00:00+05:30,10.796981168155108,10.796981168155108,9.731946465407605,10.056087493896484,2145,0.0,0.0
510,510.0,510.0,510.0,510.0,510.0,510.0,2009-12-29 00:00:00+05:30,10.619475781006017,10.650346320182884,9.940323183103244,10.225875854492188,6645,0.0,0.0
511,511.0,511.0,511.0,511.0,511.0,511.0,2009-12-30 00:00:00+05:30,9.824557901654126,11.25232196445146,9.809123000397584,11.144274711608888,16605,0.0,0.0
512,512.0,512.0,512.0,512.0,512.0,512.0,2009-12-31 00:00:00+05:30,10.650345134025075,11.5533092243975,10.650345134025075,11.344932556152344,515,0.0,0.0
513,513.0,513.0,513.0,513.0,513.0,513.0,2010-01-04 00:00:00+05:30,11.344932556152344,11.344932556152344,11.344932556152344,11.344932556152344,0,0.0,0.0
514,514.0,514.0,514.0,514.0,514.0,514.0,2010-01-05 00:00:00+05:30,10.372511534821504,11.105688185069411,10.372511534821504,10.905029296875,3065,0.0,0.0
515,515.0,515.0,515.0,515.0,515.0,515.0,2010-01-06 00:00:00+05:30,10.959051733001989,11.422110557556152,10.959051733001989,11.422110557556152,41850,0.0,0.0
516,516.0,516.0,516.0,516.0,516.0,516.0,2010-01-07 00:00:00+05:30,12.039521980327146,12.186156856502846,10.804698948904775,11.182863235473633,3925,0.0,0.0
517,517.0,517.0,517.0,517.0,517.0,517.0,2010-01-08 00:00:00+05:30,11.113402490740995,11.807990606419548,11.113402490740995,11.661355018615724,13890,0.0,0.0
518,518.0,518.0,518.0,518.0,518.0,518.0,2010-01-11 00:00:00+05:30,11.730816884657996,13.397828344277514,11.730816884657996,12.348228454589844,6210,0.0,0.0
519,519.0,519.0,519.0,519.0,519.0,519.0,2010-01-12 00:00:00+05:30,12.085825388121746,12.96563596922678,12.085825388121746,12.232460975646973,6195,0.0,0.0
520,520.0,520.0,520.0,520.0,520.0,520.0,2010-01-13 00:00:00+05:30,12.718674475876632,12.734110114149116,12.271051270138996,12.510297775268556,4850,0.0,0.0
521,521.0,521.0,521.0,521.0,521.0,521.0,2010-01-14 00:00:00+05:30,13.166297032281344,13.166297032281344,12.355945199246026,12.965638160705566,8115,0.0,0.0
522,522.0,522.0,522.0,522.0,522.0,522.0,2010-01-15 00:00:00+05:30,12.965637286001558,13.305213928222658,12.641496280250356,13.305213928222656,6000,0.0,0.0
523,523.0,523.0,523.0,523.0,523.0,523.0,2010-01-18 00:00:00+05:30,13.305213928222658,13.305213928222658,13.305213928222658,13.305213928222656,0,0.0,0.0
524,524.0,524.0,524.0,524.0,524.0,524.0,2010-01-19 00:00:00+05:30,12.53344853322431,12.857589507015591,12.363660964866275,12.502578735351562,3900,0.0,0.0
525,525.0,525.0,525.0,525.0,525.0,525.0,2010-01-20 00:00:00+05:30,12.811283754585473,12.965635684144855,12.07810730510322,12.224742889404297,4855,0.0,0.0
526,526.0,526.0,526.0,526.0,526.0,526.0,2010-01-21 00:00:00+05:30,12.348226211546196,12.348226211546196,11.69994421767816,12.062673568725586,1760,0.0,0.0
527,527.0,527.0,527.0,527.0,527.0,527.0,2010-01-22 00:00:00+05:30,13.042812384936116,13.042812384936116,11.344931591632532,12.224742889404297,26705,0.0,0.0
528,528.0,528.0,528.0,528.0,528.0,528.0,2010-01-25 00:00:00+05:30,11.576462415341885,14.323942416416497,9.878581408294073,12.726390838623049,125850,0.0,0.0
529,529.0,529.0,529.0,529.0,529.0,529.0,2010-01-27 00:00:00+05:30,12.232462347143157,12.656932050384688,12.163003454318424,12.217026710510254,18805,0.0,0.0
530,530.0,530.0,530.0,530.0,530.0,530.0,2010-01-28 00:00:00+05:30,11.885167926555471,11.885167926555471,11.113403756363256,11.159709930419922,9250,0.0,0.0
531,531.0,531.0,531.0,531.0,531.0,531.0,2010-01-29 00:00:00+05:30,11.11340452997088,11.568745539842586,10.650346437228928,11.013075828552246,5065,0.0,0.0
532,532.0,532.0,532.0,532.0,532.0,532.0,2010-02-01 00:00:00+05:30,10.681215669763809,12.03952071429124,10.681215669763809,11.344932556152344,2230,0.0,0.0
533,533.0,533.0,533.0,533.0,533.0,533.0,2010-02-02 00:00:00+05:30,11.42210801080916,11.42210801080916,11.121119768358064,11.12883758544922,2180,0.0,0.0
534,534.0,534.0,534.0,534.0,534.0,534.0,2010-02-03 00:00:00+05:30,11.128839460849148,11.962344710853488,10.966768954680989,11.229168891906738,2715,0.0,0.0
535,535.0,535.0,535.0,535.0,535.0,535.0,2010-02-04 00:00:00+05:30,11.26775761766427,11.88516838903352,11.11340418881026,11.206016540527344,1310,0.0,0.0
536,536.0,536.0,536.0,536.0,536.0,536.0,2010-02-05 00:00:00+05:30,10.804696780565424,11.607331369109822,10.804696780565424,11.267755508422852,2490,0.0,0.0
537,537.0,537.0,537.0,537.0,537.0,537.0,2010-02-08 00:00:00+05:30,10.41881577393304,11.885167329193038,10.38022742016059,11.036227226257324,7490,0.0,0.0
538,538.0,538.0,538.0,538.0,538.0,538.0,2010-02-09 00:00:00+05:30,10.696650745549116,11.236886233879302,10.696650745549116,10.80469799041748,1200,0.0,0.0
539,539.0,539.0,539.0,539.0,539.0,539.0,2010-02-10 00:00:00+05:30,10.557734659497427,11.422110488928254,10.557734659497427,10.9744873046875,5350,0.0,0.0
540,540.0,540.0,540.0,540.0,540.0,540.0,2010-02-11 00:00:00+05:30,10.843287394869304,11.422110557556152,10.804699036821171,11.422110557556152,35035,0.0,0.0
541,541.0,541.0,541.0,541.0,541.0,541.0,2010-02-15 00:00:00+05:30,11.113402366638184,11.113402366638184,11.113402366638184,11.113402366638184,95,0.0,0.0
542,542.0,542.0,542.0,542.0,542.0,542.0,2010-02-16 00:00:00+05:30,11.545592308044434,11.545592308044434,11.545592308044434,11.545592308044434,45,0.0,0.0
543,543.0,543.0,543.0,543.0,543.0,543.0,2010-02-17 00:00:00+05:30,11.4221091646311,11.53787348864634,11.113403073904433,11.16742706298828,2425,0.0,0.0
544,544.0,544.0,544.0,544.0,544.0,544.0,2010-02-18 00:00:00+05:30,10.959050616492831,11.005356788635254,10.92818008040176,11.005356788635254,1225,0.0,0.0
545,545.0,545.0,545.0,545.0,545.0,545.0,2010-02-19 00:00:00+05:30,10.905026926530342,10.959050178527832,10.8973091088131,10.959050178527832,1200,0.0,0.0
546,546.0,546.0,546.0,546.0,546.0,546.0,2010-02-22 00:00:00+05:30,10.225874402223226,11.422108913459208,10.225874402223226,11.05937957763672,10110,0.0,0.0
547,547.0,547.0,547.0,547.0,547.0,547.0,2010-02-23 00:00:00+05:30,11.05937957763672,11.05937957763672,11.05937957763672,11.05937957763672,0,0.0,0.0
548,548.0,548.0,548.0,548.0,548.0,548.0,2010-02-24 00:00:00+05:30,11.352650738319133,11.360368556504335,10.511427692435056,10.843286514282228,3200,0.0,0.0
549,549.0,549.0,549.0,549.0,549.0,549.0,2010-02-25 00:00:00+05:30,10.573169300872422,11.42211020789624,10.573169300872422,11.236886978149414,1455,0.0,0.0
550,550.0,550.0,550.0,550.0,550.0,550.0,2010-02-26 00:00:00+05:30,11.267755508422852,11.267755508422852,11.267755508422852,11.267755508422852,250,0.0,0.0
551,551.0,551.0,551.0,551.0,551.0,551.0,2010-03-02 00:00:00+05:30,10.364792428296278,11.290909230559857,10.364792428296278,11.067097663879396,3050,0.0,0.0
552,552.0,552.0,552.0,552.0,552.0,552.0,2010-03-03 00:00:00+05:30,10.974486154626058,11.036227226257324,10.974486154626058,11.036227226257324,100,0.0,0.0
553,553.0,553.0,553.0,553.0,553.0,553.0,2010-03-04 00:00:00+05:30,10.83556717486761,11.221449197813056,10.83556717486761,11.028508186340332,4510,0.0,0.0
554,554.0,554.0,554.0,554.0,554.0,554.0,2010-03-05 00:00:00+05:30,10.82013354559795,11.73081472606072,10.82013354559795,11.10568618774414,9845,0.0,0.0
555,555.0,555.0,555.0,555.0,555.0,555.0,2010-03-08 00:00:00+05:30,11.692226091219071,11.692226091219071,10.851003820998216,11.306344032287598,10010,0.0,0.0
556,556.0,556.0,556.0,556.0,556.0,556.0,2010-03-09 00:00:00+05:30,10.935899010858872,11.406674918139297,10.92046337323736,11.043946266174316,3725,0.0,0.0
557,557.0,557.0,557.0,557.0,557.0,557.0,2010-03-10 00:00:00+05:30,10.827850869943765,11.236886401318646,10.827850869943765,11.05166244506836,2225,0.0,0.0
558,558.0,558.0,558.0,558.0,558.0,558.0,2010-03-11 00:00:00+05:30,11.298627191890876,11.41439151763916,11.298627191890876,11.41439151763916,375,0.0,0.0
559,559.0,559.0,559.0,559.0,559.0,559.0,2010-03-12 00:00:00+05:30,11.398956617678152,11.422109335625482,11.398956617678152,11.41439151763916,475,0.0,0.0
560,560.0,560.0,560.0,560.0,560.0,560.0,2010-03-15 00:00:00+05:30,11.41439151763916,11.41439151763916,11.41439151763916,11.41439151763916,0,0.0,0.0
561,561.0,561.0,561.0,561.0,561.0,561.0,2010-03-16 00:00:00+05:30,10.881873480545517,11.406672537970834,10.881873480545517,11.267755508422852,1800,0.0,0.0
562,562.0,562.0,562.0,562.0,562.0,562.0,2010-03-17 00:00:00+05:30,11.483851712601272,12.031804339705632,11.113404503285508,11.22145175933838,9155,0.0,0.0
563,563.0,563.0,563.0,563.0,563.0,563.0,2010-03-18 00:00:00+05:30,11.113404673169706,11.236887568837052,10.82013491199348,10.881875991821287,11515,0.0,0.0
564,564.0,564.0,564.0,564.0,564.0,564.0,2010-03-19 00:00:00+05:30,10.959052076910568,11.190581496453328,10.85100555419922,10.85100555419922,7970,0.0,0.0
565,565.0,565.0,565.0,565.0,565.0,565.0,2010-03-22 00:00:00+05:30,10.851001991698553,10.959048478937076,10.511425424919343,10.596319198608398,2150,0.0,0.0
566,566.0,566.0,566.0,566.0,566.0,566.0,2010-03-23 00:00:00+05:30,10.511425516894365,10.696648698933815,10.341637232019112,10.565448760986328,5690,0.0,0.0
567,567.0,567.0,567.0,567.0,567.0,567.0,2010-03-25 00:00:00+05:30,10.341639210709218,10.80469799041748,10.341639210709218,10.80469799041748,2850,0.0,0.0
568,568.0,568.0,568.0,568.0,568.0,568.0,2010-03-26 00:00:00+05:30,10.503711639293131,10.57317054260852,10.094676774894696,10.32620620727539,2965,0.0,0.0
569,569.0,569.0,569.0,569.0,569.0,569.0,2010-03-29 00:00:00+05:30,10.349357671595634,10.642628152158338,10.349357671595634,10.418816566467283,135,0.0,0.0
570,570.0,570.0,570.0,570.0,570.0,570.0,2010-03-30 00:00:00+05:30,10.457404136657717,10.457404136657717,10.457404136657717,10.457404136657717,45,0.0,0.0
571,571.0,571.0,571.0,571.0,571.0,571.0,2010-03-31 00:00:00+05:30,10.1950044631958,10.1950044631958,10.1950044631958,10.1950044631958,250,0.0,0.0
572,572.0,572.0,572.0,572.0,572.0,572.0,2010-04-01 00:00:00+05:30,10.341637197076643,10.418813890671403,10.341637197076643,10.357072830200195,770,0.0,0.0
573,573.0,573.0,573.0,573.0,573.0,573.0,2010-04-05 00:00:00+05:30,10.380228677083029,10.75839297061864,10.341640318637989,10.742958068847656,2225,0.0,0.0
574,574.0,574.0,574.0,574.0,574.0,574.0,2010-04-06 00:00:00+05:30,10.79698017235296,10.80469799041748,10.79698017235296,10.80469799041748,985,0.0,0.0
575,575.0,575.0,575.0,575.0,575.0,575.0,2010-04-07 00:00:00+05:30,11.26003974793783,11.962345049193102,10.688934419006255,11.244604110717772,2515,0.0,0.0
576,576.0,576.0,576.0,576.0,576.0,576.0,2010-04-08 00:00:00+05:30,11.553308792326684,11.57646150926196,10.966767899214627,10.989920616149902,690,0.0,0.0
577,577.0,577.0,577.0,577.0,577.0,577.0,2010-04-09 00:00:00+05:30,10.989922241860892,13.189450548395882,10.851005183687992,12.278768539428713,53820,0.0,0.0
578,578.0,578.0,578.0,578.0,578.0,578.0,2010-04-12 00:00:00+05:30,13.119994025297736,14.74069946400396,13.119994025297736,14.215899467468262,318955,0.0,0.0
579,579.0,579.0,579.0,579.0,579.0,579.0,2010-04-13 00:00:00+05:30,13.42869523418836,15.960082047667584,13.312930911967202,15.381258964538574,1199435,0.0,0.0
580,580.0,580.0,580.0,580.0,580.0,580.0,2010-04-15 00:00:00+05:30,15.280931132362827,15.280931132362827,13.845450668622592,13.853168487548828,108710,0.0,0.0
581,581.0,581.0,581.0,581.0,581.0,581.0,2010-04-16 00:00:00+05:30,13.814578710117509,13.891755423541856,12.965637806496384,13.590767860412598,106055,0.0,0.0
582,582.0,582.0,582.0,582.0,582.0,582.0,2010-04-19 00:00:00+05:30,13.274343338997271,13.274343338997271,12.232461491525545,12.556602478027344,23910,0.0,0.0
583,583.0,583.0,583.0,583.0,583.0,583.0,2010-04-20 00:00:00+05:30,12.965639292410266,13.583051598539614,12.201593569207274,12.45627498626709,98365,0.0,0.0
584,584.0,584.0,584.0,584.0,584.0,584.0,2010-04-21 00:00:00+05:30,12.348227680593295,13.366956228718491,12.348227680593295,13.312932968139648,24480,0.0,0.0
585,585.0,585.0,585.0,585.0,585.0,585.0,2010-04-22 00:00:00+05:30,13.567612656492404,14.33937674724174,12.81128420084362,13.09683609008789,38795,0.0,0.0
586,586.0,586.0,586.0,586.0,586.0,586.0,2010-04-23 00:00:00+05:30,12.96563750592162,13.737401678227034,12.502580180157045,12.82672119140625,16895,0.0,0.0
587,587.0,587.0,587.0,587.0,587.0,587.0,2010-04-26 00:00:00+05:30,12.656931238777156,13.559895315574105,12.533449097678703,12.62606143951416,6435,0.0,0.0
588,588.0,588.0,588.0,588.0,588.0,588.0,2010-04-27 00:00:00+05:30,12.888464377770497,13.436416323304709,12.440841143382132,12.641498565673828,37640,0.0,0.0
589,589.0,589.0,589.0,589.0,589.0,589.0,2010-04-28 00:00:00+05:30,12.533449639033252,12.795849568207052,11.653638977699506,12.479426383972168,7240,0.0,0.0
590,590.0,590.0,590.0,590.0,590.0,590.0,2010-04-29 00:00:00+05:30,12.34822836073451,12.734110497007464,12.34822836073451,12.440840721130373,9140,0.0,0.0
591,591.0,591.0,591.0,591.0,591.0,591.0,2010-04-30 00:00:00+05:30,12.232463174794882,12.965638300184654,12.193874816613391,12.83443832397461,7735,0.0,0.0
592,592.0,592.0,592.0,592.0,592.0,592.0,2010-05-03 00:00:00+05:30,12.247897883245743,13.104555888504564,12.247897883245743,12.89617919921875,1985,0.0,0.0
593,593.0,593.0,593.0,593.0,593.0,593.0,2010-05-04 00:00:00+05:30,12.88846128230576,12.96563651602548,12.43312033764792,12.556602478027344,2065,0.0,0.0
594,594.0,594.0,594.0,594.0,594.0,594.0,2010-05-05 00:00:00+05:30,12.433121295530416,12.433121295530416,11.96234467904939,12.394532203674316,2850,0.0,0.0
595,595.0,595.0,595.0,595.0,595.0,595.0,2010-05-06 00:00:00+05:30,12.425402885403326,12.919331461451478,12.425402885403326,12.579754829406738,35635,0.0,0.0
596,596.0,596.0,596.0,596.0,596.0,596.0,2010-05-07 00:00:00+05:30,12.425401898413975,12.65693053203967,11.45297898754438,12.263331413269045,7435,0.0,0.0
597,597.0,597.0,597.0,597.0,597.0,597.0,2010-05-10 00:00:00+05:30,12.116696113402696,13.09683612882752,12.039520145706437,12.170720100402832,770,0.0,0.0
598,598.0,598.0,598.0,598.0,598.0,598.0,2010-05-11 00:00:00+05:30,12.965640517542647,12.965640517542647,12.070394723496833,12.116700172424316,760,0.0,0.0
599,599.0,599.0,599.0,599.0,599.0,599.0,2010-05-12 00:00:00+05:30,11.607332372751635,12.950202505246418,11.576461837292657,12.3250732421875,2235,0.0,0.0
600,600.0,600.0,600.0,600.0,600.0,600.0,2010-05-13 00:00:00+05:30,12.193872528776703,12.348225196531024,12.193872528776703,12.263331413269045,5370,0.0,0.0
601,601.0,601.0,601.0,601.0,601.0,601.0,2010-05-14 00:00:00+05:30,11.88516724116191,12.19387333304334,11.545591349705122,12.124414443969728,2705,0.0,0.0
602,602.0,602.0,602.0,602.0,602.0,602.0,2010-05-17 00:00:00+05:30,11.885166705594497,12.039520112585578,11.190579318181005,11.900602340698242,2405,0.0,0.0
603,603.0,603.0,603.0,603.0,603.0,603.0,2010-05-18 00:00:00+05:30,11.73081572446733,12.50258066256256,11.73081572446733,12.340509414672852,5435,0.0,0.0
604,604.0,604.0,604.0,604.0,604.0,604.0,2010-05-19 00:00:00+05:30,12.039522562480286,12.039522562480286,11.730816421691816,11.746252059936523,755,0.0,0.0
605,605.0,605.0,605.0,605.0,605.0,605.0,2010-05-20 00:00:00+05:30,12.34822616575392,12.479426127645986,11.892885208129885,11.892885208129885,5805,0.0,0.0
606,606.0,606.0,606.0,606.0,606.0,606.0,2010-05-21 00:00:00+05:30,11.290909133798657,12.348225887056472,11.290909133798657,11.885167121887209,16385,0.0,0.0
607,607.0,607.0,607.0,607.0,607.0,607.0,2010-05-24 00:00:00+05:30,12.271052895535664,12.348229625097256,12.116700172424316,12.116700172424316,125,0.0,0.0
608,608.0,608.0,608.0,608.0,608.0,608.0,2010-05-25 00:00:00+05:30,11.8851668827666,12.649213167513397,11.76168474414226,12.14756679534912,11335,0.0,0.0
609,609.0,609.0,609.0,609.0,609.0,609.0,2010-05-26 00:00:00+05:30,12.425402016053678,12.857589489857592,12.062672691388132,12.132131576538086,2230,0.0,0.0
610,610.0,610.0,610.0,610.0,610.0,610.0,2010-05-27 00:00:00+05:30,12.332789387298178,12.340507204579618,12.124413472780288,12.224742889404297,3050,0.0,0.0
611,611.0,611.0,611.0,611.0,611.0,611.0,2010-05-28 00:00:00+05:30,12.039521634917524,12.502580442418846,12.039521634917524,12.294203758239746,3890,0.0,0.0
612,612.0,612.0,612.0,612.0,612.0,612.0,2010-05-31 00:00:00+05:30,12.193873431820975,12.734108176975171,11.900602973363185,12.093544006347656,1910,0.0,0.0
613,613.0,613.0,613.0,613.0,613.0,613.0,2010-06-01 00:00:00+05:30,11.460698013263125,12.46399082745151,11.460698013263125,12.38681411743164,11250,0.0,0.0
614,614.0,614.0,614.0,614.0,614.0,614.0,2010-06-02 00:00:00+05:30,12.471709117314916,12.471709117314916,11.977780509745491,12.332791328430176,1145,0.0,0.0
615,615.0,615.0,615.0,615.0,615.0,615.0,2010-06-03 00:00:00+05:30,12.271050336586685,12.463991384243782,12.19387435913086,12.19387435913086,3875,0.0,0.0
616,616.0,616.0,616.0,616.0,616.0,616.0,2010-06-04 00:00:00+05:30,11.452980425465602,12.417685640063288,11.452980425465602,12.28648567199707,10800,0.0,0.0
617,617.0,617.0,617.0,617.0,617.0,617.0,2010-06-07 00:00:00+05:30,11.900602490041232,13.737400401764871,11.645920395726124,12.039520263671877,37415,0.0,0.0
618,618.0,618.0,618.0,618.0,618.0,618.0,2010-06-08 00:00:00+05:30,12.085827074060646,12.873026899610556,12.085827074060646,12.294203758239746,14525,0.0,0.0
619,619.0,619.0,619.0,619.0,619.0,619.0,2010-06-09 00:00:00+05:30,12.124414371139288,12.579754584309152,12.047237664629618,12.05495548248291,15300,0.0,0.0
620,620.0,620.0,620.0,620.0,620.0,620.0,2010-06-10 00:00:00+05:30,12.440838049717188,12.772695379152651,11.885166950707974,12.008649826049805,2340,0.0,0.0
621,621.0,621.0,621.0,621.0,621.0,621.0,2010-06-11 00:00:00+05:30,12.47170829210718,12.656931507690167,12.402249402260653,12.633779525756836,2410,0.0,0.0
622,622.0,622.0,622.0,622.0,622.0,622.0,2010-06-14 00:00:00+05:30,12.155284714215997,12.803566683402703,12.13984907875364,12.487143516540527,1875,0.0,0.0
623,623.0,623.0,623.0,623.0,623.0,623.0,2010-06-15 00:00:00+05:30,12.286485464557853,14.200460224719416,12.286485464557853,13.035096168518066,49840,0.0,0.0
624,624.0,624.0,624.0,624.0,624.0,624.0,2010-06-16 00:00:00+05:30,13.073686291902202,13.073686291902202,12.66465072559479,12.83443832397461,7145,0.0,0.0
625,625.0,625.0,625.0,625.0,625.0,625.0,2010-06-17 00:00:00+05:30,13.035094766722873,13.343801574602384,12.734107248265817,12.94248390197754,3025,0.0,0.0
626,626.0,626.0,626.0,626.0,626.0,626.0,2010-06-18 00:00:00+05:30,12.502578682709244,13.181730425304975,12.502578682709244,12.849871635437012,11450,0.0,0.0
627,627.0,627.0,627.0,627.0,627.0,627.0,2010-06-21 00:00:00+05:30,12.718671034146636,13.212601021042031,12.579753271333027,12.656929969787598,25435,0.0,0.0
628,628.0,628.0,628.0,628.0,628.0,628.0,2010-06-22 00:00:00+05:30,12.502580193591818,12.680085600127205,12.502580193591818,12.664649963378906,1250,0.0,0.0
629,629.0,629.0,629.0,629.0,629.0,629.0,2010-06-23 00:00:00+05:30,12.656932514941714,14.154155466750456,12.656932514941714,13.876319885253906,132905,0.0,0.0
630,630.0,630.0,630.0,630.0,630.0,630.0,2010-06-24 00:00:00+05:30,13.44412999763002,15.743986545462285,13.44412999763002,15.419845581054688,90925,0.0,0.0
631,631.0,631.0,631.0,631.0,631.0,631.0,2010-06-25 00:00:00+05:30,14.972226702000874,18.205919439679803,14.5168856601215,17.58850860595703,551145,0.0,0.0
632,632.0,632.0,632.0,632.0,632.0,632.0,2010-06-28 00:00:00+05:30,17.827753349115806,18.645822990542054,17.310671275228096,17.943517684936523,1161315,0.0,0.0
633,633.0,633.0,633.0,633.0,633.0,633.0,2010-06-29 00:00:00+05:30,17.596218880337393,17.904925662677687,16.24563185967921,16.492597579956055,132010,0.0,0.0
634,634.0,634.0,634.0,634.0,634.0,634.0,2010-06-30 00:00:00+05:30,15.072560008847535,16.79359435284749,15.072560008847535,16.09900665283203,52505,0.0,0.0
635,635.0,635.0,635.0,635.0,635.0,635.0,2010-07-01 00:00:00+05:30,16.160741175084897,16.28422331721162,15.17288256604786,15.38897705078125,44070,0.0,0.0
636,636.0,636.0,636.0,636.0,636.0,636.0,2010-07-02 00:00:00+05:30,15.388980916921884,16.099004148539784,15.388980916921884,15.674532890319824,33300,0.0,0.0
637,637.0,637.0,637.0,637.0,637.0,637.0,2010-07-05 00:00:00+05:30,15.358108993278574,15.743991136185189,15.033967934356076,15.196039199829102,9865,0.0,0.0
638,638.0,638.0,638.0,638.0,638.0,638.0,2010-07-06 00:00:00+05:30,15.373540265023944,15.412127879543362,14.83330482961328,14.979940414428713,30275,0.0,0.0
639,639.0,639.0,639.0,639.0,639.0,639.0,2010-07-07 00:00:00+05:30,15.018528597009771,15.743987259195077,14.910482094650137,15.103423118591309,47545,0.0,0.0
640,640.0,640.0,640.0,640.0,640.0,640.0,2010-07-08 00:00:00+05:30,15.18060477738627,15.435286953233678,14.524604787469103,14.972228050231934,19445,0.0,0.0
641,641.0,641.0,641.0,641.0,641.0,641.0,2010-07-09 00:00:00+05:30,14.972223670091408,15.265494860739295,14.825588074767465,15.010812759399414,20005,0.0,0.0
642,642.0,642.0,642.0,642.0,642.0,642.0,2010-07-12 00:00:00+05:30,15.126576600546592,15.280928536783104,15.01852862595552,15.211469650268556,18010,0.0,0.0
643,643.0,643.0,643.0,643.0,643.0,643.0,2010-07-13 00:00:00+05:30,15.28311192628379,15.561709095110272,15.195551948515066,15.490069389343262,23840,0.6,0.0
644,644.0,644.0,644.0,644.0,644.0,644.0,2010-07-14 00:00:00+05:30,15.259234200062409,15.442312805535725,15.044315044989748,15.131875038146973,6645,0.0,0.0
645,645.0,645.0,645.0,645.0,645.0,645.0,2010-07-15 00:00:00+05:30,15.044308796833484,15.259227862646616,14.686111872051937,14.877150535583496,7440,0.0,0.0
646,646.0,646.0,646.0,646.0,646.0,646.0,2010-07-16 00:00:00+05:30,14.678155651769384,15.36271066572844,14.415477229592376,14.550796508789062,13045,0.0,0.0
647,647.0,647.0,647.0,647.0,647.0,647.0,2010-07-19 00:00:00+05:30,13.961756566737954,14.789590787030724,13.961756566737954,14.614472389221191,8715,0.0,0.0
648,648.0,648.0,648.0,648.0,648.0,648.0,2010-07-20 00:00:00+05:30,14.550800317684985,15.34679592879648,14.248321135247576,15.283116340637209,23655,0.0,0.0
649,649.0,649.0,649.0,649.0,649.0,649.0,2010-07-21 00:00:00+05:30,15.28310755425533,15.362705855011862,15.12390791626173,15.29106616973877,9420,0.0,0.0
650,650.0,650.0,650.0,650.0,650.0,650.0,2010-07-22 00:00:00+05:30,15.052269974473528,15.410468442328654,15.052269974473528,15.227388381958008,9740,0.0,0.0
651,651.0,651.0,651.0,651.0,651.0,651.0,2010-07-23 00:00:00+05:30,15.362714687155444,15.418435655255808,15.044316746359073,15.283116340637209,11425,0.0,0.0
652,652.0,652.0,652.0,652.0,652.0,652.0,2010-07-26 00:00:00+05:30,13.914001176759866,15.123914718627928,13.914001176759866,15.12391471862793,5205,0.0,0.0
653,653.0,653.0,653.0,653.0,653.0,653.0,2010-07-27 00:00:00+05:30,15.123911434540492,15.386589835568676,15.123911434540492,15.163710594177246,940,0.0,0.0
654,654.0,654.0,654.0,654.0,654.0,654.0,2010-07-28 00:00:00+05:30,15.426387284255028,15.426387284255028,14.869191519936315,14.901030540466309,2670,0.0,0.0
655,655.0,655.0,655.0,655.0,655.0,655.0,2010-07-29 00:00:00+05:30,14.885111615391253,15.306988121486912,14.805511787635703,15.107989311218262,4610,0.0,0.0
656,656.0,656.0,656.0,656.0,656.0,656.0,2010-07-30 00:00:00+05:30,14.8373533354049,15.54579025305027,14.821434581734303,15.02043342590332,10140,0.0,0.0
657,657.0,657.0,657.0,657.0,657.0,657.0,2010-08-02 00:00:00+05:30,14.399554865500962,14.885112476482508,14.399554865500962,14.773672103881836,5235,0.0,0.0
658,658.0,658.0,658.0,658.0,658.0,658.0,2010-08-03 00:00:00+05:30,14.6701956674351,14.956754501227977,14.654275394837551,14.9487943649292,1770,0.0,0.0
659,659.0,659.0,659.0,659.0,659.0,659.0,2010-08-04 00:00:00+05:30,14.495073318481444,14.940831768366545,14.34383530843092,14.495073318481444,7910,0.0,0.0
660,660.0,660.0,660.0,660.0,660.0,660.0,2010-08-05 00:00:00+05:30,14.391597004199877,14.845314146624816,14.391597004199877,14.733875274658203,1840,0.0,0.0
661,661.0,661.0,661.0,661.0,661.0,661.0,2010-08-06 00:00:00+05:30,14.733876531549448,14.964714431492306,14.136879920959473,14.136879920959473,10705,0.0,0.0
662,662.0,662.0,662.0,662.0,662.0,662.0,2010-08-09 00:00:00+05:30,14.327915560132816,14.558754928468204,14.04135676309318,14.343835830688477,8110,0.0,0.0
663,663.0,663.0,663.0,663.0,663.0,663.0,2010-08-10 00:00:00+05:30,14.200559421617628,14.590597022897198,14.168718873803352,14.367717742919922,2590,0.0,0.0
664,664.0,664.0,664.0,664.0,664.0,664.0,2010-08-11 00:00:00+05:30,14.017478502394448,14.757754415693324,14.017478502394448,14.272196769714355,4220,0.0,0.0
665,665.0,665.0,665.0,665.0,665.0,665.0,2010-08-12 00:00:00+05:30,14.518956066812809,14.518956066812809,13.850319802307416,13.906039237976074,20070,0.0,0.0
666,666.0,666.0,666.0,666.0,666.0,666.0,2010-08-13 00:00:00+05:30,14.017478575183327,14.20851727666527,13.882159305186873,14.001558303833008,4610,0.0,0.0
667,667.0,667.0,667.0,667.0,667.0,667.0,2010-08-16 00:00:00+05:30,14.081156915189451,14.280155735004069,13.890118230356284,14.089117050170898,5610,0.0,0.0
668,668.0,668.0,668.0,668.0,668.0,668.0,2010-08-17 00:00:00+05:30,13.802559863780356,14.399556392427463,13.802559863780356,13.977678298950195,4095,0.0,0.0
669,669.0,669.0,669.0,669.0,669.0,669.0,2010-08-18 00:00:00+05:30,13.921959381380711,14.423437334228392,13.921959381380711,14.21647834777832,3225,0.0,0.0
670,670.0,670.0,670.0,670.0,670.0,670.0,2010-08-19 00:00:00+05:30,14.009518145915765,14.471195377715416,14.009518145915765,14.105036735534668,3545,0.0,0.0
671,671.0,671.0,671.0,671.0,671.0,671.0,2010-08-20 00:00:00+05:30,14.407518505886198,14.407518505886198,14.120959646965924,14.136879920959473,3550,0.0,0.0
672,672.0,672.0,672.0,672.0,672.0,672.0,2010-08-23 00:00:00+05:30,14.009519896489362,14.877155038187086,14.009519896489362,14.765714645385742,12185,0.0,0.0
673,673.0,673.0,673.0,673.0,673.0,673.0,2010-08-24 00:00:00+05:30,14.877155892511556,14.964714362591137,14.741836600671236,14.861235618591309,2300,0.0,0.0
674,674.0,674.0,674.0,674.0,674.0,674.0,2010-08-25 00:00:00+05:30,14.455276875291167,14.9965540101585,14.455276875291167,14.80551528930664,3290,0.0,0.0
675,675.0,675.0,675.0,675.0,675.0,675.0,2010-08-26 00:00:00+05:30,14.216478235651296,14.686115639999157,14.216478235651296,14.50303554534912,8895,0.0,0.0
676,676.0,676.0,676.0,676.0,676.0,676.0,2010-08-27 00:00:00+05:30,14.200556994291558,14.72591379749987,14.009518294783136,14.15279769897461,10855,0.0,0.0
677,677.0,677.0,677.0,677.0,677.0,677.0,2010-08-30 00:00:00+05:30,13.9697182207214,14.168717064425357,13.874199625958289,13.921958923339844,2580,0.0,0.0
678,678.0,678.0,678.0,678.0,678.0,678.0,2010-08-31 00:00:00+05:30,13.929919059276884,13.929919059276884,13.770719377017445,13.921958923339844,1085,0.0,0.0
679,679.0,679.0,679.0,679.0,679.0,679.0,2010-09-01 00:00:00+05:30,13.75480018660142,14.948793210909995,13.75480018660142,14.176676750183104,17570,0.0,0.0
680,680.0,680.0,680.0,680.0,680.0,680.0,2010-09-02 00:00:00+05:30,14.17667736740636,14.55875630568292,14.17667736740636,14.31995677947998,1595,0.0,0.0
681,681.0,681.0,681.0,681.0,681.0,681.0,2010-09-03 00:00:00+05:30,14.487115148775503,14.630393028259276,14.256275781721742,14.630393028259276,7060,0.0,0.0
682,682.0,682.0,682.0,682.0,682.0,682.0,2010-09-06 00:00:00+05:30,14.38363937432772,14.68611853414721,14.38363937432772,14.662238121032717,4315,0.0,0.0
683,683.0,683.0,683.0,683.0,683.0,683.0,2010-09-07 00:00:00+05:30,14.789592374002009,14.964710790602316,14.582633417161356,14.773672103881836,2525,0.0,0.0
684,684.0,684.0,684.0,684.0,684.0,684.0,2010-09-08 00:00:00+05:30,14.327917707026891,14.924914278153013,14.184638287038096,14.646315574645996,6300,0.0,0.0
685,685.0,685.0,685.0,685.0,685.0,685.0,2010-09-09 00:00:00+05:30,14.48711551151369,15.362709153769522,14.471195240647797,15.251270294189451,40640,0.0,0.0
686,686.0,686.0,686.0,686.0,686.0,686.0,2010-09-13 00:00:00+05:30,14.646314491700224,16.63630291498125,14.646314491700224,15.911947250366213,318555,0.0,0.0
687,687.0,687.0,687.0,687.0,687.0,687.0,2010-09-14 00:00:00+05:30,15.888066493524413,17.432297901157998,15.888066493524413,16.270145416259766,814795,0.0,0.0
688,688.0,688.0,688.0,688.0,688.0,688.0,2010-09-15 00:00:00+05:30,15.314949859412437,16.079106160328795,15.123911163743491,15.251270294189451,32330,0.0,0.0
689,689.0,689.0,689.0,689.0,689.0,689.0,2010-09-16 00:00:00+05:30,15.219434190592416,15.601511655233008,14.82143645203158,14.861235618591309,72930,0.0,0.0
690,690.0,690.0,690.0,690.0,690.0,690.0,2010-09-17 00:00:00+05:30,14.885113023548865,15.434348698715878,14.821433458968317,15.01247215270996,22155,0.0,0.0
691,691.0,691.0,691.0,691.0,691.0,691.0,2010-09-20 00:00:00+05:30,14.646314238729984,15.044311916512,14.057277857801482,14.455275535583496,15535,0.0,0.0
692,692.0,692.0,692.0,692.0,692.0,692.0,2010-09-21 00:00:00+05:30,14.463237339456,14.797555488081343,14.017480314035817,14.32791805267334,17320,0.0,0.0
693,693.0,693.0,693.0,693.0,693.0,693.0,2010-09-22 00:00:00+05:30,14.327918720426798,14.343838994493977,13.73888224410927,14.08116054534912,18195,0.0,0.0
694,694.0,694.0,694.0,694.0,694.0,694.0,2010-09-23 00:00:00+05:30,14.168717812523136,14.439356375709284,13.874200358505764,14.304037094116213,6080,0.0,0.0
695,695.0,695.0,695.0,695.0,695.0,695.0,2010-09-24 00:00:00+05:30,14.26423733768451,15.44231014126953,14.26423733768451,15.259231567382812,22550,0.0,0.0
696,696.0,696.0,696.0,696.0,696.0,696.0,2010-09-27 00:00:00+05:30,14.964709841630166,15.999504560212946,14.964709841630166,15.43434715270996,9910,0.0,0.0
697,697.0,697.0,697.0,697.0,697.0,697.0,2010-09-28 00:00:00+05:30,15.442312619582433,15.91991023013466,15.123914718627928,15.12391471862793,7410,0.0,0.0
698,698.0,698.0,698.0,698.0,698.0,698.0,2010-09-29 00:00:00+05:30,15.28311195456858,15.442310120158243,14.487116571898149,14.534875869750977,5880,0.0,0.0
699,699.0,699.0,699.0,699.0,699.0,699.0,2010-09-30 00:00:00+05:30,14.311994839040684,14.757753291123482,14.26423554711771,14.42343521118164,1380,0.0,0.0
700,700.0,700.0,700.0,700.0,700.0,700.0,2010-10-01 00:00:00+05:30,14.479156838161918,14.948794248444829,14.479156838161918,14.510995864868164,1220,0.0,0.0
701,701.0,701.0,701.0,701.0,701.0,701.0,2010-10-04 00:00:00+05:30,14.58263538846991,15.123912499802408,14.407516948196756,14.50303554534912,6320,0.0,0.0
702,702.0,702.0,702.0,702.0,702.0,702.0,2010-10-05 00:00:00+05:30,14.55079478568575,14.64631337248932,14.487115221736511,14.558754920959473,1725,0.0,0.0
703,703.0,703.0,703.0,703.0,703.0,703.0,2010-10-06 00:00:00+05:30,15.107991805030212,15.107991805030212,14.566714708834704,15.092071533203123,575,0.0,0.0
704,704.0,704.0,704.0,704.0,704.0,704.0,2010-10-07 00:00:00+05:30,14.821434457146848,15.076152732623544,14.60651534287313,14.956753730773926,21230,0.0,0.0
705,705.0,705.0,705.0,705.0,705.0,705.0,2010-10-08 00:00:00+05:30,14.646315390576882,14.869194654229595,14.415477508794408,14.463236808776855,4315,0.0,0.0
706,706.0,706.0,706.0,706.0,706.0,706.0,2010-10-11 00:00:00+05:30,14.80551152195591,15.123909309024128,14.678152407128623,14.749792098999023,3550,0.0,0.0
707,707.0,707.0,707.0,707.0,707.0,707.0,2010-10-12 00:00:00+05:30,14.52691836590175,15.028394879821915,14.407519340515137,14.407519340515137,71855,0.0,0.0
708,708.0,708.0,708.0,708.0,708.0,708.0,2010-10-13 00:00:00+05:30,14.558755127655395,15.11595094056178,14.479155292028604,14.741833686828612,10440,0.0,0.0
709,709.0,709.0,709.0,709.0,709.0,709.0,2010-10-14 00:00:00+05:30,14.646314834201608,14.948793931828522,14.646314834201608,14.813474655151367,8875,0.0,0.0
710,710.0,710.0,710.0,710.0,710.0,710.0,2010-10-15 00:00:00+05:30,14.725917158688738,14.916955901801728,14.518958140756087,14.79755687713623,3210,0.0,0.0
711,711.0,711.0,711.0,711.0,711.0,711.0,2010-10-18 00:00:00+05:30,15.203513664355812,15.203513664355812,14.495076669070883,14.908994674682615,4195,0.0,0.0
712,712.0,712.0,712.0,712.0,712.0,712.0,2010-10-19 00:00:00+05:30,14.72591191696704,15.123909536344527,14.48711395263672,14.48711395263672,8670,0.0,0.0
713,713.0,713.0,713.0,713.0,713.0,713.0,2010-10-20 00:00:00+05:30,14.646312089443455,14.646312089443455,14.48711395263672,14.48711395263672,2995,0.0,0.0
714,714.0,714.0,714.0,714.0,714.0,714.0,2010-10-21 00:00:00+05:30,14.566718706447014,15.123916227383914,14.526919534197708,14.98859691619873,9285,0.0,0.0
715,715.0,715.0,715.0,715.0,715.0,715.0,2010-10-22 00:00:00+05:30,14.694073599406265,14.972672278723769,14.670194710308625,14.964712142944336,8625,0.0,0.0
716,716.0,716.0,716.0,716.0,716.0,716.0,2010-10-25 00:00:00+05:30,14.964710968862386,15.291068919010858,14.813472955640782,15.211470603942873,6690,0.0,0.0
717,717.0,717.0,717.0,717.0,717.0,717.0,2010-10-26 00:00:00+05:30,15.123911161982251,16.238304312374932,14.964711489823044,15.856226921081545,37375,0.0,0.0
718,718.0,718.0,718.0,718.0,718.0,718.0,2010-10-27 00:00:00+05:30,15.56170886276136,16.54874445676055,15.56170886276136,15.911947250366213,18305,0.0,0.0
719,719.0,719.0,719.0,719.0,719.0,719.0,2010-10-28 00:00:00+05:30,16.31790756652409,17.878058000226368,15.919909820999116,16.445266723632812,101990,0.0,0.0
720,720.0,720.0,720.0,720.0,720.0,720.0,2010-10-29 00:00:00+05:30,15.800507875452876,17.03430005084163,15.800507875452876,16.43730354309082,20065,0.0,0.0
721,721.0,721.0,721.0,721.0,721.0,721.0,2010-11-01 00:00:00+05:30,15.91990320812556,16.079102847502927,15.601505447611103,15.625384330749512,24245,0.0,0.0
722,722.0,722.0,722.0,722.0,722.0,722.0,2010-11-02 00:00:00+05:30,15.147792719085723,15.593549709459705,14.773673916561224,14.86919403076172,20885,0.0,0.0
723,723.0,723.0,723.0,723.0,723.0,723.0,2010-11-03 00:00:00+05:30,15.513949365799911,15.513949365799911,14.964712142944336,14.964712142944336,4135,0.0,0.0
724,724.0,724.0,724.0,724.0,724.0,724.0,2010-11-04 00:00:00+05:30,14.948796862171143,14.948796862171143,14.932876586914062,14.932876586914062,1560,0.0,0.0
725,725.0,725.0,725.0,725.0,725.0,725.0,2010-11-08 00:00:00+05:30,14.885113620708038,15.346790861998672,14.773673239540894,15.171670913696287,3580,0.0,0.0
726,726.0,726.0,726.0,726.0,726.0,726.0,2010-11-09 00:00:00+05:30,15.394550647314452,15.394550647314452,14.853273550332782,15.076152801513672,8505,0.0,0.0
727,727.0,727.0,727.0,727.0,727.0,727.0,2010-11-10 00:00:00+05:30,14.805515346616795,15.123913215935705,14.805515346616795,15.100032806396484,610,0.0,0.0
728,728.0,728.0,728.0,728.0,728.0,728.0,2010-11-11 00:00:00+05:30,15.12391161790502,15.91990696621581,14.924912780827324,15.171670913696287,8595,0.0,0.0
729,729.0,729.0,729.0,729.0,729.0,729.0,2010-11-12 00:00:00+05:30,15.004510277092615,15.601506695134178,15.004510277092615,15.036349296569824,4565,0.0,0.0
730,730.0,730.0,730.0,730.0,730.0,730.0,2010-11-15 00:00:00+05:30,14.80551528930664,15.362711178897698,14.80551528930664,14.80551528930664,6875,0.0,0.0
731,731.0,731.0,731.0,731.0,731.0,731.0,2010-11-16 00:00:00+05:30,15.736827214396236,15.736827214396236,14.343835459842245,14.542834281921388,5840,0.0,0.0
732,732.0,732.0,732.0,732.0,732.0,732.0,2010-11-18 00:00:00+05:30,14.606515912081662,15.513950183389811,13.97767881653251,14.21647834777832,14705,0.0,0.0
733,733.0,733.0,733.0,733.0,733.0,733.0,2010-11-19 00:00:00+05:30,14.996555848231276,14.996555848231276,14.343839759092878,14.407519340515137,6385,0.0,0.0
734,734.0,734.0,734.0,734.0,734.0,734.0,2010-11-22 00:00:00+05:30,14.43139301060191,14.861231168285004,13.985636102006444,14.48711395263672,3260,0.0,0.0
735,735.0,735.0,735.0,735.0,735.0,735.0,2010-11-23 00:00:00+05:30,14.112997973992057,14.128918246252931,13.707040140784068,13.778679847717283,6560,0.0,0.0
736,736.0,736.0,736.0,736.0,736.0,736.0,2010-11-24 00:00:00+05:30,14.487116078561572,14.487116078561572,14.049317722056964,14.455275535583496,2115,0.0,0.0
737,737.0,737.0,737.0,737.0,737.0,737.0,2010-11-25 00:00:00+05:30,14.025436789024818,14.025436789024818,13.595598630908489,13.78663730621338,5965,0.0,0.0
738,738.0,738.0,738.0,738.0,738.0,738.0,2010-11-26 00:00:00+05:30,13.508039307832934,13.818478498351729,13.04636210777577,13.054322242736816,4475,0.0,0.0
739,739.0,739.0,739.0,739.0,739.0,739.0,2010-11-29 00:00:00+05:30,14.168718965787344,14.168718965787344,13.269244739567013,13.627443313598633,7195,0.0,0.0
740,740.0,740.0,740.0,740.0,740.0,740.0,2010-11-30 00:00:00+05:30,13.635399690622796,14.009518477157572,13.356802532446656,13.571720123291016,21840,0.0,0.0
741,741.0,741.0,741.0,741.0,741.0,741.0,2010-12-01 00:00:00+05:30,13.691122452986892,13.850320633271346,13.643361632484796,13.842360496520996,4490,0.0,0.0
742,742.0,742.0,742.0,742.0,742.0,742.0,2010-12-02 00:00:00+05:30,13.57967943080232,13.850317955017092,13.57967943080232,13.85031795501709,1035,0.0,0.0
743,743.0,743.0,743.0,743.0,743.0,743.0,2010-12-03 00:00:00+05:30,13.627440926450548,13.850318650591904,13.317001710589818,13.332921981811523,5710,0.0,0.0
744,744.0,744.0,744.0,744.0,744.0,744.0,2010-12-06 00:00:00+05:30,13.53191998059189,13.810518636781596,13.452320147646184,13.611519813537598,1080,0.0,0.0
745,745.0,745.0,745.0,745.0,745.0,745.0,2010-12-07 00:00:00+05:30,13.412522415584217,13.850319265947572,13.133923729789036,13.691121101379396,2660,0.0,0.0
746,746.0,746.0,746.0,746.0,746.0,746.0,2010-12-08 00:00:00+05:30,13.420483589172363,13.420483589172363,13.420483589172363,13.420483589172363,150,0.0,0.0
747,747.0,747.0,747.0,747.0,747.0,747.0,2010-12-09 00:00:00+05:30,13.054322749745664,13.213522418668642,12.9190034866333,12.9190034866333,1250,0.0,0.0
748,748.0,748.0,748.0,748.0,748.0,748.0,2010-12-10 00:00:00+05:30,11.549892335526208,13.508040104166302,11.549892335526208,13.04636287689209,9300,0.0,0.0
749,749.0,749.0,749.0,749.0,749.0,749.0,2010-12-13 00:00:00+05:30,13.531920617070446,13.619480589253188,13.531920617070446,13.539880752563477,1220,0.0,0.0
750,750.0,750.0,750.0,750.0,750.0,750.0,2010-12-14 00:00:00+05:30,13.25332207066536,13.62744085110376,13.133923073643992,13.213522911071776,7430,0.0,0.0
751,751.0,751.0,751.0,751.0,751.0,751.0,2010-12-15 00:00:00+05:30,13.078204131625291,13.43640113607456,12.919004450820722,13.293123245239258,21350,0.0,0.0
752,752.0,752.0,752.0,752.0,752.0,752.0,2010-12-16 00:00:00+05:30,13.293121654195035,13.69111929032973,13.086162701216134,13.149842262268066,1395,0.0,0.0
753,753.0,753.0,753.0,753.0,753.0,753.0,2010-12-20 00:00:00+05:30,12.982683789361598,13.786639278516368,12.743885790628385,12.950844764709473,3085,0.0,0.0
754,754.0,754.0,754.0,754.0,754.0,754.0,2010-12-21 00:00:00+05:30,13.21352476142202,13.245363789907328,12.847366065275583,13.094125747680664,1000,0.0,0.0
755,755.0,755.0,755.0,755.0,755.0,755.0,2010-12-22 00:00:00+05:30,12.600608187038253,13.293124911637706,12.600608187038253,12.83144760131836,2875,0.0,0.0
756,756.0,756.0,756.0,756.0,756.0,756.0,2010-12-23 00:00:00+05:30,13.516001478964313,13.516001478964313,12.990644638314864,12.998604774475098,365,0.0,0.0
757,757.0,757.0,757.0,757.0,757.0,757.0,2010-12-24 00:00:00+05:30,12.799605369567873,12.799605369567873,12.799605369567873,12.799605369567873,125,0.0,0.0
758,758.0,758.0,758.0,758.0,758.0,758.0,2010-12-27 00:00:00+05:30,13.01452471129856,13.850319249447722,13.01452471129856,13.141883850097656,310,0.0,0.0
759,759.0,759.0,759.0,759.0,759.0,759.0,2010-12-28 00:00:00+05:30,12.97472491046371,13.531922319136228,12.97472491046371,13.372722625732422,925,0.0,0.0
760,760.0,760.0,760.0,760.0,760.0,760.0,2010-12-29 00:00:00+05:30,13.118004608292017,14.335878189335949,13.118004608292017,14.32791805267334,16130,0.0,0.0
761,761.0,761.0,761.0,761.0,761.0,761.0,2010-12-30 00:00:00+05:30,14.208517462786148,15.115951686272236,14.208517462786148,14.964712142944336,3150,0.0,0.0
762,762.0,762.0,762.0,762.0,762.0,762.0,2010-12-31 00:00:00+05:30,14.343835646344962,14.375674668806532,14.327915375993904,14.335875511169434,7970,0.0,0.0
763,763.0,763.0,763.0,763.0,763.0,763.0,2011-01-03 00:00:00+05:30,14.964711116869193,15.20351061915659,13.90603742264456,14.630393028259276,2265,0.0,0.0
764,764.0,764.0,764.0,764.0,764.0,764.0,2011-01-04 00:00:00+05:30,14.327917707026891,15.044313288730075,14.049319003519877,14.646315574645996,2700,0.0,0.0
765,765.0,765.0,765.0,765.0,765.0,765.0,2011-01-05 00:00:00+05:30,14.025437488559842,14.582633273096455,14.025437488559842,14.089117050170898,90,0.0,0.0
766,766.0,766.0,766.0,766.0,766.0,766.0,2011-01-06 00:00:00+05:30,15.020432581866231,15.020432581866231,14.089117982758587,14.105036735534668,1020,0.0,0.0
767,767.0,767.0,767.0,767.0,767.0,767.0,2011-01-07 00:00:00+05:30,13.69112230207308,14.32791805267334,13.595602180362626,14.32791805267334,860,0.0,0.0
768,768.0,768.0,768.0,768.0,768.0,768.0,2011-01-10 00:00:00+05:30,12.815525920518974,14.487116522019832,12.815525920518974,14.025439262390137,3465,0.0,0.0
769,769.0,769.0,769.0,769.0,769.0,769.0,2011-01-11 00:00:00+05:30,13.404563455182547,14.32791805267334,13.404563455182547,14.32791805267334,5970,0.0,0.0
770,770.0,770.0,770.0,770.0,770.0,770.0,2011-01-12 00:00:00+05:30,13.468240619435374,14.009517669677736,13.468240619435374,14.009517669677734,1100,0.0,0.0
771,771.0,771.0,771.0,771.0,771.0,771.0,2011-01-13 00:00:00+05:30,14.487114456517189,14.487114456517189,13.476200103759766,13.476200103759766,105,0.0,0.0
772,772.0,772.0,772.0,772.0,772.0,772.0,2011-01-14 00:00:00+05:30,14.049317644134907,14.049317644134907,12.425487158155391,12.791645050048828,2655,0.0,0.0
773,773.0,773.0,773.0,773.0,773.0,773.0,2011-01-17 00:00:00+05:30,13.372722503943034,14.327917619185015,13.054324638275968,13.13392448425293,9685,0.0,0.0
774,774.0,774.0,774.0,774.0,774.0,774.0,2011-01-18 00:00:00+05:30,12.79164547506012,12.79164547506012,12.735926041546865,12.751846313476562,18500,0.0,0.0
775,775.0,775.0,775.0,775.0,775.0,775.0,2011-01-19 00:00:00+05:30,12.791646917007547,12.847366356801816,12.791646917007547,12.83144760131836,50,0.0,0.0
776,776.0,776.0,776.0,776.0,776.0,776.0,2011-01-20 00:00:00+05:30,13.21352392413494,13.531921780016594,12.385688739722267,13.157804489135742,6270,0.0,0.0
777,777.0,777.0,777.0,777.0,777.0,777.0,2011-01-21 00:00:00+05:30,12.807565106606631,13.770718736585028,12.807565106606631,13.213522911071776,3205,0.0,0.0
778,778.0,778.0,778.0,778.0,778.0,778.0,2011-01-24 00:00:00+05:30,13.531920742542296,13.60356044440324,13.213522911071776,13.213522911071776,1255,0.0,0.0
779,779.0,779.0,779.0,779.0,779.0,779.0,2011-01-25 00:00:00+05:30,12.751845583550873,13.51600037354733,12.743885448041668,13.110042572021484,2250,0.0,0.0
780,780.0,780.0,780.0,780.0,780.0,780.0,2011-01-27 00:00:00+05:30,13.500082969665527,13.500082969665527,13.500082969665527,13.500082969665527,5,0.0,0.0
781,781.0,781.0,781.0,781.0,781.0,781.0,2011-01-28 00:00:00+05:30,12.735926224757527,13.21352376183408,12.592646811810493,12.759806632995604,760,0.0,0.0
782,782.0,782.0,782.0,782.0,782.0,782.0,2011-01-31 00:00:00+05:30,12.099130308466824,13.24536338648141,12.099130308466824,12.576727867126465,8335,0.0,0.0
783,783.0,783.0,783.0,783.0,783.0,783.0,2011-02-01 00:00:00+05:30,12.322007645644849,12.688165536772605,12.274248349783146,12.624485969543455,2610,0.0,0.0
784,784.0,784.0,784.0,784.0,784.0,784.0,2011-02-02 00:00:00+05:30,13.10208187686161,13.10208187686161,12.417526952957118,12.895124435424805,1660,0.0,0.0
785,785.0,785.0,785.0,785.0,785.0,785.0,2011-02-03 00:00:00+05:30,13.133923781386247,13.261282920837402,13.0543239396691,13.261282920837402,2040,0.0,0.0
786,786.0,786.0,786.0,786.0,786.0,786.0,2011-02-04 00:00:00+05:30,12.672247199475487,13.141884620674706,12.672247199475487,13.13392448425293,3025,0.0,0.0
787,787.0,787.0,787.0,787.0,787.0,787.0,2011-02-07 00:00:00+05:30,12.75184567587937,13.531920742542296,12.75184567587937,13.213522911071776,1125,0.0,0.0
788,788.0,788.0,788.0,788.0,788.0,788.0,2011-02-08 00:00:00+05:30,12.751847489544993,13.45232281840711,12.656327367397925,12.720006942749023,2220,0.0,0.0
789,789.0,789.0,789.0,789.0,789.0,789.0,2011-02-09 00:00:00+05:30,13.444363341410684,13.444363341410684,12.019532203674316,12.019532203674316,3675,0.0,0.0
790,790.0,790.0,790.0,790.0,790.0,790.0,2011-02-10 00:00:00+05:30,12.019529303940804,13.141882552707568,12.019529303940804,12.895124435424805,1065,0.0,0.0
791,791.0,791.0,791.0,791.0,791.0,791.0,2011-02-11 00:00:00+05:30,12.051371146562124,12.417529076643468,10.50713957917195,12.09117031097412,16710,0.0,0.0
792,792.0,792.0,792.0,792.0,792.0,792.0,2011-02-14 00:00:00+05:30,12.879204688541453,13.293122624719194,12.42548683402042,12.544886589050291,3250,0.0,0.0
793,793.0,793.0,793.0,793.0,793.0,793.0,2011-02-15 00:00:00+05:30,12.47324839939408,12.47324839939408,12.162809909641105,12.194649696350098,170,0.0,0.0
794,794.0,794.0,794.0,794.0,794.0,794.0,2011-02-16 00:00:00+05:30,12.465288608444492,13.444362646223883,12.449369094208942,13.269244194030762,11455,0.0,0.0
795,795.0,795.0,795.0,795.0,795.0,795.0,2011-02-17 00:00:00+05:30,12.895124435424805,12.895124435424805,12.895124435424805,12.895124435424805,185,0.0,0.0
796,796.0,796.0,796.0,796.0,796.0,796.0,2011-02-18 00:00:00+05:30,13.2135223205356,14.487115107739132,13.086163193639305,13.85031795501709,1260,0.0,0.0
797,797.0,797.0,797.0,797.0,797.0,797.0,2011-02-21 00:00:00+05:30,12.751847907867049,16.238307429633995,12.751847907867049,14.861235618591309,50585,0.0,0.0
798,798.0,798.0,798.0,798.0,798.0,798.0,2011-02-22 00:00:00+05:30,14.646315263592715,14.93287409748447,14.009519541878548,14.224438667297363,9255,0.0,0.0
799,799.0,799.0,799.0,799.0,799.0,799.0,2011-02-23 00:00:00+05:30,13.53192131600108,14.646314532494207,12.94288492325815,13.977678298950195,5595,0.0,0.0
800,800.0,800.0,800.0,800.0,800.0,800.0,2011-02-24 00:00:00+05:30,14.009518248868382,14.232395971777436,13.213522911071776,13.213522911071776,62745,0.0,0.0
801,801.0,801.0,801.0,801.0,801.0,801.0,2011-02-25 00:00:00+05:30,13.850317882119633,13.850317882119633,12.895124435424805,12.895124435424805,810,0.0,0.0
802,802.0,802.0,802.0,802.0,802.0,802.0,2011-02-28 00:00:00+05:30,12.76776594701305,13.213522911071776,12.76776594701305,13.213522911071776,420,0.0,0.0
803,803.0,803.0,803.0,803.0,803.0,803.0,2011-03-01 00:00:00+05:30,13.213522045173208,14.168715476989746,13.213522045173208,14.168715476989746,3400,0.0,0.0
804,804.0,804.0,804.0,804.0,804.0,804.0,2011-03-03 00:00:00+05:30,13.53192140244998,14.00951893206694,12.91104446212386,13.141883850097656,2600,0.0,0.0
805,805.0,805.0,805.0,805.0,805.0,805.0,2011-03-04 00:00:00+05:30,13.850318802929472,13.850318802929472,13.070243723373546,13.181682586669922,815,0.0,0.0
806,806.0,806.0,806.0,806.0,806.0,806.0,2011-03-07 00:00:00+05:30,12.6085652342064,13.913996994891244,12.6085652342064,13.149842262268066,2350,0.0,0.0
807,807.0,807.0,807.0,807.0,807.0,807.0,2011-03-08 00:00:00+05:30,13.054323236216208,13.221483046638618,13.054323236216208,13.213522911071776,1220,0.0,0.0
808,808.0,808.0,808.0,808.0,808.0,808.0,2011-03-09 00:00:00+05:30,13.516001104439756,13.516001104439756,13.094124527322672,13.356802940368652,4005,0.0,0.0
809,809.0,809.0,809.0,809.0,809.0,809.0,2011-03-10 00:00:00+05:30,13.372723583905683,13.428444543358053,12.942886810102316,13.038405418395996,11105,0.0,0.0
810,810.0,810.0,810.0,810.0,810.0,810.0,2011-03-11 00:00:00+05:30,12.974725215698475,13.18168421469588,12.775726353382606,13.094125747680664,9230,0.0,0.0
811,811.0,811.0,811.0,811.0,811.0,811.0,2011-03-14 00:00:00+05:30,13.094125441424284,13.531922320983307,13.094125441424284,13.197604179382324,500,0.0,0.0
812,812.0,812.0,812.0,812.0,812.0,812.0,2011-03-15 00:00:00+05:30,12.895125666063716,13.53192135796583,12.759806391754427,12.807565689086914,1880,0.0,0.0
813,813.0,813.0,813.0,813.0,813.0,813.0,2011-03-16 00:00:00+05:30,12.895126072479757,12.895126072479757,12.783685684204102,12.783685684204102,2000,0.0,0.0
814,814.0,814.0,814.0,814.0,814.0,814.0,2011-03-17 00:00:00+05:30,12.417526952957118,13.340881377215725,12.417526952957118,12.895124435424805,2045,0.0,0.0
815,815.0,815.0,815.0,815.0,815.0,815.0,2011-03-18 00:00:00+05:30,12.775728433273963,12.775728433273963,12.767769813537598,12.767769813537598,500,0.0,0.0
816,816.0,816.0,816.0,816.0,816.0,816.0,2011-03-21 00:00:00+05:30,12.823487928803512,12.823487928803512,12.576728990984204,12.59264850616455,15715,0.0,0.0
817,817.0,817.0,817.0,817.0,817.0,817.0,2011-03-22 00:00:00+05:30,12.306090056266612,12.73592758178711,12.306090056266612,12.73592758178711,600,0.0,0.0
818,818.0,818.0,818.0,818.0,818.0,818.0,2011-03-23 00:00:00+05:30,12.73592758178711,12.73592758178711,12.73592758178711,12.73592758178711,0,0.0,0.0
819,819.0,819.0,819.0,819.0,819.0,819.0,2011-03-24 00:00:00+05:30,12.290168043454024,14.16075820512452,12.290168043454024,13.014524459838867,13300,0.0,0.0
820,820.0,820.0,820.0,820.0,820.0,820.0,2011-03-25 00:00:00+05:30,12.895125150899036,13.332921981811523,12.895125150899036,13.332921981811523,1045,0.0,0.0
821,821.0,821.0,821.0,821.0,821.0,821.0,2011-03-28 00:00:00+05:30,12.92696431728355,13.531920966196504,12.91104404588674,13.181682586669922,2665,0.0,0.0
822,822.0,822.0,822.0,822.0,822.0,822.0,2011-03-29 00:00:00+05:30,13.05432146545684,13.340880234030225,12.576724783034882,12.616524696350098,2555,0.0,0.0
823,823.0,823.0,823.0,823.0,823.0,823.0,2011-03-30 00:00:00+05:30,13.006563186645508,13.006563186645508,13.006563186645508,13.006563186645508,5,0.0,0.0
824,824.0,824.0,824.0,824.0,824.0,824.0,2011-03-31 00:00:00+05:30,13.213522911071776,13.213522911071776,13.213522911071776,13.213522911071776,500,0.0,0.0
825,825.0,825.0,825.0,825.0,825.0,825.0,2011-04-01 00:00:00+05:30,13.213522911071776,13.213522911071776,13.213522911071776,13.213522911071776,275,0.0,0.0
826,826.0,826.0,826.0,826.0,826.0,826.0,2011-04-04 00:00:00+05:30,13.133924024869442,13.762761116027832,13.133924024869442,13.762761116027832,505,0.0,0.0
827,827.0,827.0,827.0,827.0,827.0,827.0,2011-04-05 00:00:00+05:30,13.24536194132599,13.993597984313965,13.24536194132599,13.993597984313965,1000,0.0,0.0
828,828.0,828.0,828.0,828.0,828.0,828.0,2011-04-06 00:00:00+05:30,14.964714840279182,14.964714840279182,13.468243963547636,13.484164237976074,2830,0.0,0.0
829,829.0,829.0,829.0,829.0,829.0,829.0,2011-04-07 00:00:00+05:30,14.009518948756444,14.168717113324622,13.43640130523706,13.691121101379396,995,0.0,0.0
830,830.0,830.0,830.0,830.0,830.0,830.0,2011-04-08 00:00:00+05:30,13.579678015573434,13.85031651158316,12.950842581838168,13.75479793548584,3210,0.0,0.0
831,831.0,831.0,831.0,831.0,831.0,831.0,2011-04-11 00:00:00+05:30,13.69112051096896,13.69112051096896,13.125963027785714,13.50804042816162,1525,0.0,0.0
832,832.0,832.0,832.0,832.0,832.0,832.0,2011-04-13 00:00:00+05:30,13.977677453491756,14.009517995182543,13.531920497504844,13.866238594055176,3250,0.0,0.0
833,833.0,833.0,833.0,833.0,833.0,833.0,2011-04-15 00:00:00+05:30,13.46028028599032,13.63539870392041,13.372720317905006,13.396600723266602,3605,0.0,0.0
834,834.0,834.0,834.0,834.0,834.0,834.0,2011-04-18 00:00:00+05:30,13.205562775504935,13.81051941441923,13.197602639938095,13.213522911071776,2255,0.0,0.0
835,835.0,835.0,835.0,835.0,835.0,835.0,2011-04-19 00:00:00+05:30,13.22944257596142,13.245361328125,13.22944257596142,13.245361328125,120,0.0,0.0
836,836.0,836.0,836.0,836.0,836.0,836.0,2011-04-20 00:00:00+05:30,13.21352425617838,14.089119520536372,13.21352425617838,13.73888111114502,1445,0.0,0.0
837,837.0,837.0,837.0,837.0,837.0,837.0,2011-04-21 00:00:00+05:30,13.301082917340365,13.929920036306346,13.18168390639161,13.197604179382324,2135,0.0,0.0
838,838.0,838.0,838.0,838.0,838.0,838.0,2011-04-25 00:00:00+05:30,13.07024469673269,13.531921973937395,13.054324424150275,13.51600170135498,8285,0.0,0.0
839,839.0,839.0,839.0,839.0,839.0,839.0,2011-04-26 00:00:00+05:30,13.213523632116305,13.85031932980644,13.118003518342432,13.4364013671875,6155,0.0,0.0
840,840.0,840.0,840.0,840.0,840.0,840.0,2011-04-27 00:00:00+05:30,12.919004450820722,13.293123245239258,12.919004450820722,13.293123245239258,500,0.0,0.0
841,841.0,841.0,841.0,841.0,841.0,841.0,2011-04-28 00:00:00+05:30,13.293124778968105,13.4523229598999,13.293124778968105,13.452322959899902,2335,0.0,0.0
842,842.0,842.0,842.0,842.0,842.0,842.0,2011-04-29 00:00:00+05:30,13.14984475709648,13.14984475709648,13.125964347831156,13.13392448425293,595,0.0,0.0
843,843.0,843.0,843.0,843.0,843.0,843.0,2011-05-02 00:00:00+05:30,13.75480123536892,13.84235969809068,13.229444386075317,13.51600170135498,5545,0.0,0.0
844,844.0,844.0,844.0,844.0,844.0,844.0,2011-05-03 00:00:00+05:30,12.958804663899638,13.921958295216188,12.958804663899638,13.388641357421877,2315,0.0,0.0
845,845.0,845.0,845.0,845.0,845.0,845.0,2011-05-04 00:00:00+05:30,13.738880927896968,13.738880927896968,13.730920791625977,13.730920791625977,420,0.0,0.0
846,846.0,846.0,846.0,846.0,846.0,846.0,2011-05-05 00:00:00+05:30,13.054323492629692,13.19760289916588,12.815525493896478,12.950844764709473,1520,0.0,0.0
847,847.0,847.0,847.0,847.0,847.0,847.0,2011-05-06 00:00:00+05:30,13.762761116027832,13.762761116027832,13.762761116027832,13.762761116027832,5,0.0,0.0
848,848.0,848.0,848.0,848.0,848.0,848.0,2011-05-09 00:00:00+05:30,13.054323563915895,13.102082860275209,13.054323563915895,13.07024383544922,2110,0.0,0.0
849,849.0,849.0,849.0,849.0,849.0,849.0,2011-05-10 00:00:00+05:30,13.53192138671875,13.53192138671875,13.53192138671875,13.53192138671875,200,0.0,0.0
850,850.0,850.0,850.0,850.0,850.0,850.0,2011-05-11 00:00:00+05:30,12.99064331711335,12.99064331711335,12.982683181762695,12.982683181762695,300,0.0,0.0
851,851.0,851.0,851.0,851.0,851.0,851.0,2011-05-12 00:00:00+05:30,13.762762724220018,13.762762724220018,12.863286972045898,12.863286972045898,580,0.0,0.0
852,852.0,852.0,852.0,852.0,852.0,852.0,2011-05-13 00:00:00+05:30,12.91104284991899,13.332920893411425,12.91104284991899,13.054322242736816,2100,0.0,0.0
853,853.0,853.0,853.0,853.0,853.0,853.0,2011-05-16 00:00:00+05:30,13.054322242736816,13.054322242736816,13.054322242736816,13.054322242736816,0,0.0,0.0
854,854.0,854.0,854.0,854.0,854.0,854.0,2011-05-17 00:00:00+05:30,13.722958397059674,13.722958397059674,12.855323423432168,13.054322242736816,2085,0.0,0.0
855,855.0,855.0,855.0,855.0,855.0,855.0,2011-05-18 00:00:00+05:30,13.054322242736816,13.054322242736816,13.054322242736816,13.054322242736816,10,0.0,0.0
856,856.0,856.0,856.0,856.0,856.0,856.0,2011-05-19 00:00:00+05:30,13.372722503943034,13.372722503943034,12.98268492872078,13.13392448425293,1100,0.0,0.0
857,857.0,857.0,857.0,857.0,857.0,857.0,2011-05-20 00:00:00+05:30,13.13392448425293,13.13392448425293,13.13392448425293,13.13392448425293,0,0.0,0.0
858,858.0,858.0,858.0,858.0,858.0,858.0,2011-05-23 00:00:00+05:30,12.911043187522644,12.934923593030218,12.895124435424805,12.895124435424805,505,0.0,0.0
859,859.0,859.0,859.0,859.0,859.0,859.0,2011-05-24 00:00:00+05:30,13.13392448425293,13.13392448425293,13.13392448425293,13.13392448425293,790,0.0,0.0
860,860.0,860.0,860.0,860.0,860.0,860.0,2011-05-25 00:00:00+05:30,12.911045182313869,13.531922157273076,12.911045182313869,13.523962020874023,560,0.0,0.0
861,861.0,861.0,861.0,861.0,861.0,861.0,2011-05-26 00:00:00+05:30,13.523962020874023,13.523962020874023,13.523962020874023,13.523962020874023,0,0.0,0.0
862,862.0,862.0,862.0,862.0,862.0,862.0,2011-05-27 00:00:00+05:30,13.492122650146484,13.492122650146484,13.492122650146484,13.492122650146484,5,0.0,0.0
863,863.0,863.0,863.0,863.0,863.0,863.0,2011-05-30 00:00:00+05:30,13.691121069152894,14.168717079973945,13.53192138671875,13.53192138671875,1000,0.0,0.0
864,864.0,864.0,864.0,864.0,864.0,864.0,2011-05-31 00:00:00+05:30,14.24831823816822,14.74979622141908,12.759807598260368,13.094125747680664,13940,0.0,0.0
865,865.0,865.0,865.0,865.0,865.0,865.0,2011-06-01 00:00:00+05:30,12.982683181762695,12.982683181762695,12.982683181762695,12.982683181762695,40,0.0,0.0
866,866.0,866.0,866.0,866.0,866.0,866.0,2011-06-02 00:00:00+05:30,12.75184636303278,13.444361494018352,12.75184636303278,13.261282920837402,2010,0.0,0.0
867,867.0,867.0,867.0,867.0,867.0,867.0,2011-06-03 00:00:00+05:30,13.261282920837402,13.261282920837402,13.261282920837402,13.261282920837402,0,0.0,0.0
868,868.0,868.0,868.0,868.0,868.0,868.0,2011-06-06 00:00:00+05:30,12.926965609738888,13.516002046147689,12.926965609738888,13.372722625732422,30,0.0,0.0
869,869.0,869.0,869.0,869.0,869.0,869.0,2011-06-07 00:00:00+05:30,13.372721466620092,13.850318987193807,13.046363489846865,13.57968044281006,18470,0.0,0.0
870,870.0,870.0,870.0,870.0,870.0,870.0,2011-06-08 00:00:00+05:30,13.691121085069195,13.961759634577453,13.133923714142629,13.141883850097656,800,0.0,0.0
871,871.0,871.0,871.0,871.0,871.0,871.0,2011-06-09 00:00:00+05:30,13.141883850097656,13.141883850097656,13.141883850097656,13.141883850097656,0,0.0,0.0
872,872.0,872.0,872.0,872.0,872.0,872.0,2011-06-10 00:00:00+05:30,14.017480341111982,14.017480341111982,13.141885043664702,13.269244194030762,20970,0.0,0.0
873,873.0,873.0,873.0,873.0,873.0,873.0,2011-06-13 00:00:00+05:30,13.133924301044624,13.579681306760545,13.094125137731702,13.125964164733888,8480,0.0,0.0
874,874.0,874.0,874.0,874.0,874.0,874.0,2011-06-14 00:00:00+05:30,13.13392448425293,13.13392448425293,13.13392448425293,13.13392448425293,770,0.0,0.0
875,875.0,875.0,875.0,875.0,875.0,875.0,2011-06-15 00:00:00+05:30,13.08616371913848,13.08616371913848,12.823485319586457,12.879204750061035,5085,0.0,0.0
876,876.0,876.0,876.0,876.0,876.0,876.0,2011-06-16 00:00:00+05:30,13.054323747332749,13.086164290846764,12.895125584484706,13.078204154968262,6125,0.0,0.0
877,877.0,877.0,877.0,877.0,877.0,877.0,2011-06-17 00:00:00+05:30,12.895124435424805,12.895124435424805,12.895124435424805,12.895124435424805,1250,0.0,0.0
878,878.0,878.0,878.0,878.0,878.0,878.0,2011-06-20 00:00:00+05:30,12.337926864624023,12.337926864624023,12.337926864624023,12.337926864624023,250,0.0,0.0
879,879.0,879.0,879.0,879.0,879.0,879.0,2011-06-21 00:00:00+05:30,12.337926864624023,12.337926864624023,12.337926864624023,12.337926864624023,0,0.0,0.0
880,880.0,880.0,880.0,880.0,880.0,880.0,2011-06-22 00:00:00+05:30,13.51600278179376,13.51600278179376,12.20261055357014,12.73592758178711,1485,0.0,0.0
881,881.0,881.0,881.0,881.0,881.0,881.0,2011-06-23 00:00:00+05:30,12.735925286654536,13.683160154956838,12.735925286654536,13.539880752563477,55,0.0,0.0
882,882.0,882.0,882.0,882.0,882.0,882.0,2011-06-24 00:00:00+05:30,12.735927216147008,13.770720695162618,12.50508856571916,12.720006942749023,4835,0.0,0.0
883,883.0,883.0,883.0,883.0,883.0,883.0,2011-06-27 00:00:00+05:30,12.608568427428509,13.125965181790434,12.608568427428509,12.73592758178711,3350,0.0,0.0
884,884.0,884.0,884.0,884.0,884.0,884.0,2011-06-28 00:00:00+05:30,12.73592540474569,13.213522911071776,12.73592540474569,13.213522911071776,750,0.0,0.0
885,885.0,885.0,885.0,885.0,885.0,885.0,2011-06-29 00:00:00+05:30,12.616528972493857,13.372723786180428,12.616528972493857,13.364765167236328,515,0.0,0.0
886,886.0,886.0,886.0,886.0,886.0,886.0,2011-06-30 00:00:00+05:30,13.0543239396691,13.261282920837402,13.0543239396691,13.261282920837402,20,0.0,0.0
887,887.0,887.0,887.0,887.0,887.0,887.0,2011-07-01 00:00:00+05:30,14.327914989934666,14.327914989934666,13.054322242736816,13.054322242736816,1580,0.0,0.0
888,888.0,888.0,888.0,888.0,888.0,888.0,2011-07-04 00:00:00+05:30,12.759806563190883,13.531921539776164,12.759806563190883,13.380681991577148,5045,0.0,0.0
889,889.0,889.0,889.0,889.0,889.0,889.0,2011-07-05 00:00:00+05:30,13.380681991577148,13.380681991577148,13.380681991577148,13.380681991577148,0,0.0,0.0
890,890.0,890.0,890.0,890.0,890.0,890.0,2011-07-06 00:00:00+05:30,13.635401594294366,13.635401594294366,12.903085708618164,12.903085708618164,300,0.0,0.0
891,891.0,891.0,891.0,891.0,891.0,891.0,2011-07-07 00:00:00+05:30,14.08911809292034,14.327916087075348,13.070243513495026,13.993597984313965,6100,0.0,0.0
892,892.0,892.0,892.0,892.0,892.0,892.0,2011-07-08 00:00:00+05:30,13.699080246542009,13.738880927896968,13.699080246542009,13.730920791625977,1345,0.0,0.0
893,893.0,893.0,893.0,893.0,893.0,893.0,2011-07-11 00:00:00+05:30,13.404563049630132,13.691121887850883,13.13392448425293,13.13392448425293,1725,0.0,0.0
894,894.0,894.0,894.0,894.0,894.0,894.0,2011-07-12 00:00:00+05:30,13.834397976000607,13.906037676168852,13.10208222180123,13.74683952331543,7995,0.0,0.0
895,895.0,895.0,895.0,895.0,895.0,895.0,2011-07-13 00:00:00+05:30,13.133922118583673,14.646312846772478,13.133922118583673,14.495073318481444,12970,0.0,0.0
896,896.0,896.0,896.0,896.0,896.0,896.0,2011-07-14 00:00:00+05:30,14.327914297589553,14.49507256897269,14.25627460464237,14.48711395263672,12550,0.0,0.0
897,897.0,897.0,897.0,897.0,897.0,897.0,2011-07-15 00:00:00+05:30,14.487118226575395,14.638356273423453,13.850320936761465,14.582636833190918,4690,0.0,0.0
898,898.0,898.0,898.0,898.0,898.0,898.0,2011-07-18 00:00:00+05:30,14.73387205154344,14.741832186119844,14.415474259689535,14.48711395263672,895,0.0,0.0
899,899.0,899.0,899.0,899.0,899.0,899.0,2011-07-19 00:00:00+05:30,14.487116274978254,15.585589212523848,14.327916594410754,14.638354301452637,46070,0.0,0.0
900,900.0,900.0,900.0,900.0,900.0,900.0,2011-07-20 00:00:00+05:30,14.646316818936336,15.267193852221324,14.447317944988177,15.052274703979492,29200,0.0,0.0
901,901.0,901.0,901.0,901.0,901.0,901.0,2011-07-21 00:00:00+05:30,14.9647110781002,14.9647110781002,14.733873229885024,14.885112762451172,15980,0.0,0.0
902,902.0,902.0,902.0,902.0,902.0,902.0,2011-07-22 00:00:00+05:30,14.805512666336233,14.829391553311792,14.510993741633271,14.542834281921388,10725,0.0,0.0
903,903.0,903.0,903.0,903.0,903.0,903.0,2011-07-25 00:00:00+05:30,14.407515000561046,14.805512644122178,14.407515000561046,14.773672103881836,1530,0.0,0.0
904,904.0,904.0,904.0,904.0,904.0,904.0,2011-07-26 00:00:00+05:30,15.045126946638067,15.267224391310908,15.045126946638067,15.07802963256836,10825,0.6,0.0
905,905.0,905.0,905.0,905.0,905.0,905.0,2011-07-27 00:00:00+05:30,15.242549399088942,15.242549399088942,14.80657738892235,14.82302951812744,13260,0.0,0.0
906,906.0,906.0,906.0,906.0,906.0,906.0,2011-07-28 00:00:00+05:30,14.80657848076418,14.90528969431234,14.658512444922696,14.666738510131836,6560,0.0,0.0
907,907.0,907.0,907.0,907.0,907.0,907.0,2011-07-29 00:00:00+05:30,14.88883646598642,15.135612128217232,14.82302951812744,14.82302951812744,8590,0.0,0.0
908,908.0,908.0,908.0,908.0,908.0,908.0,2011-08-01 00:00:00+05:30,14.823030326636214,15.283678986774715,14.6914164237395,14.987546920776367,15605,0.0,0.0
909,909.0,909.0,909.0,909.0,909.0,909.0,2011-08-02 00:00:00+05:30,14.97109647598514,15.102710379904709,14.00866882297236,14.222541809082031,10290,0.0,0.0
910,910.0,910.0,910.0,910.0,910.0,910.0,2011-08-03 00:00:00+05:30,14.55980369061897,14.790127254712331,14.016895905310893,14.609158515930176,13130,0.0,0.0
911,911.0,911.0,911.0,911.0,911.0,911.0,2011-08-04 00:00:00+05:30,14.724318273482314,14.806577350331994,14.099151485970708,14.526897430419922,19295,0.0,0.0
912,912.0,912.0,912.0,912.0,912.0,912.0,2011-08-05 00:00:00+05:30,14.477543781616074,14.625609818116295,13.983990849602504,14.156733512878418,27360,0.0,0.0
913,913.0,913.0,913.0,913.0,913.0,913.0,2011-08-08 00:00:00+05:30,13.753666310816282,14.066250527517552,13.663182727212511,13.819473266601562,12720,0.0,0.0
914,914.0,914.0,914.0,914.0,914.0,914.0,2011-08-09 00:00:00+05:30,13.506890214344647,13.81947285272281,13.177855445272494,13.720763206481934,10085,0.0,0.0
915,915.0,915.0,915.0,915.0,915.0,915.0,2011-08-10 00:00:00+05:30,14.049796463328184,14.683189306218884,13.983989516596774,14.090925216674805,8675,0.0,0.0
916,916.0,916.0,916.0,916.0,916.0,916.0,2011-08-11 00:00:00+05:30,14.066249933098351,14.79835248139221,13.819472682610808,14.156733512878418,26860,0.0,0.0
917,917.0,917.0,917.0,917.0,917.0,917.0,2011-08-12 00:00:00+05:30,13.942860444265037,14.074474334716797,13.942860444265037,14.074474334716797,10090,0.0,0.0
918,918.0,918.0,918.0,918.0,918.0,918.0,2011-08-16 00:00:00+05:30,14.0251197905814,14.148509201922185,14.016895294189451,14.016895294189451,8550,0.0,0.0
919,919.0,919.0,919.0,919.0,919.0,919.0,2011-08-17 00:00:00+05:30,13.86882878773518,14.18141141581168,13.202531637241233,13.59737491607666,10755,0.0,0.0
920,920.0,920.0,920.0,920.0,920.0,920.0,2011-08-18 00:00:00+05:30,13.90173312432522,13.951087951660156,13.268340159173796,13.951087951660156,10025,0.0,0.0
921,921.0,921.0,921.0,921.0,921.0,921.0,2011-08-19 00:00:00+05:30,13.803022618004634,13.885280135500324,13.161403626391865,13.432857513427734,9440,0.0,0.0
922,922.0,922.0,922.0,922.0,922.0,922.0,2011-08-22 00:00:00+05:30,13.103821457492709,13.761890946993333,13.103821457492709,13.391727447509766,10440,0.0,0.0
923,923.0,923.0,923.0,923.0,923.0,923.0,2011-08-23 00:00:00+05:30,13.177853980320029,13.654954734676815,13.169627915887505,13.243660926818848,8685,0.0,0.0
924,924.0,924.0,924.0,924.0,924.0,924.0,2011-08-24 00:00:00+05:30,13.572695524891836,13.654954599441028,13.202530473901156,13.408177375793455,15560,0.0,0.0
925,925.0,925.0,925.0,925.0,925.0,925.0,2011-08-25 00:00:00+05:30,13.490438403259343,13.654956576173875,13.186081823017515,13.432857513427734,13340,0.0,0.0
926,926.0,926.0,926.0,926.0,926.0,926.0,2011-08-26 00:00:00+05:30,13.572696060053154,14.12382984161377,13.350597020701546,14.12382984161377,9005,0.0,0.0
927,927.0,927.0,927.0,927.0,927.0,927.0,2011-08-29 00:00:00+05:30,13.901731241935051,14.000442452200415,13.490437408925366,13.67140769958496,14045,0.0,0.0
928,928.0,928.0,928.0,928.0,928.0,928.0,2011-08-30 00:00:00+05:30,14.000444248273734,14.765451126845928,13.50689127155345,14.164960861206056,21860,0.0,0.0
929,929.0,929.0,929.0,929.0,929.0,929.0,2011-09-02 00:00:00+05:30,14.395285865036543,16.88772735392335,13.556245969495048,15.2754545211792,253975,0.0,0.0
930,930.0,930.0,930.0,930.0,930.0,930.0,2011-09-05 00:00:00+05:30,15.135613441467283,15.620940312397424,15.028677730278634,15.135613441467283,20595,0.0,0.0
931,931.0,931.0,931.0,931.0,931.0,931.0,2011-09-06 00:00:00+05:30,15.036903087851684,15.464647481435138,14.658511945919969,14.790125846862791,16505,0.0,0.0
932,932.0,932.0,932.0,932.0,932.0,932.0,2011-09-07 00:00:00+05:30,15.25077514636382,15.25077514636382,14.48576841282008,14.576251983642578,17530,0.0,0.0
933,933.0,933.0,933.0,933.0,933.0,933.0,2011-09-08 00:00:00+05:30,14.34592932342112,15.160290923865402,14.337703258492011,14.790125846862791,20230,0.0,0.0
934,934.0,934.0,934.0,934.0,934.0,934.0,2011-09-09 00:00:00+05:30,14.642061269865938,15.10271153786506,14.337704682076762,14.370607376098633,10775,0.0,0.0
935,935.0,935.0,935.0,935.0,935.0,935.0,2011-09-12 00:00:00+05:30,14.642059228896027,14.642059228896027,13.58914806357654,13.73721408843994,13985,0.0,0.0
936,936.0,936.0,936.0,936.0,936.0,936.0,2011-09-13 00:00:00+05:30,13.671405893289185,14.61738127043485,13.671405893289185,13.761889457702637,8825,0.0,0.0
937,937.0,937.0,937.0,937.0,937.0,937.0,2011-09-14 00:00:00+05:30,12.355266614996712,14.082700956800748,12.355266614996712,13.73721408843994,42030,0.0,0.0
938,938.0,938.0,938.0,938.0,938.0,938.0,2011-09-15 00:00:00+05:30,13.515115052585015,15.283678148612276,13.515115052585015,14.008667945861816,11205,0.0,0.0
939,939.0,939.0,939.0,939.0,939.0,939.0,2011-09-16 00:00:00+05:30,14.173185248031023,14.806578133631572,14.000442589573495,14.354155540466309,18855,0.0,0.0
940,940.0,940.0,940.0,940.0,940.0,940.0,2011-09-19 00:00:00+05:30,14.000443256143916,14.40351104736328,14.000443256143916,14.40351104736328,8405,0.0,0.0
941,941.0,941.0,941.0,941.0,941.0,941.0,2011-09-20 00:00:00+05:30,14.148506049990408,14.806575442052718,13.81946978499806,14.31302261352539,58940,0.0,0.0
942,942.0,942.0,942.0,942.0,942.0,942.0,2011-09-21 00:00:00+05:30,14.197864025081572,14.197864025081572,14.016895294189451,14.016895294189451,5060,0.0,0.0
943,943.0,943.0,943.0,943.0,943.0,943.0,2011-09-22 00:00:00+05:30,14.01689673450146,14.461093326502638,13.852378548449646,13.868830680847168,5965,0.0,0.0
944,944.0,944.0,944.0,944.0,944.0,944.0,2011-09-23 00:00:00+05:30,14.477541548798785,14.477541548798785,13.74543754445308,13.92640781402588,380,0.0,0.0
945,945.0,945.0,945.0,945.0,945.0,945.0,2011-09-26 00:00:00+05:30,13.745440245222923,13.983991440545555,13.70431148621772,13.819473266601562,2395,0.0,0.0
946,946.0,946.0,946.0,946.0,946.0,946.0,2011-09-27 00:00:00+05:30,13.572696810479432,14.773674078183976,13.572696810479432,14.255444526672363,1770,0.0,0.0
947,947.0,947.0,947.0,947.0,947.0,947.0,2011-09-28 00:00:00+05:30,14.642058598232204,14.642058598232204,13.860601322500804,14.568025588989258,8070,0.0,0.0
948,948.0,948.0,948.0,948.0,948.0,948.0,2011-09-29 00:00:00+05:30,14.806576686010388,14.806576686010388,13.992215156555176,13.992215156555176,385,0.0,0.0
949,949.0,949.0,949.0,949.0,949.0,949.0,2011-09-30 00:00:00+05:30,14.683188008357105,14.683188008357105,13.770115330324971,14.107376098632812,8705,0.0,0.0
950,950.0,950.0,950.0,950.0,950.0,950.0,2011-10-03 00:00:00+05:30,13.687859269379835,14.716093927691698,13.325921799306393,13.432857513427734,6540,0.0,0.0
951,951.0,951.0,951.0,951.0,951.0,951.0,2011-10-04 00:00:00+05:30,13.654953221463078,14.31302261352539,13.654953221463078,14.31302261352539,1000,0.0,0.0
952,952.0,952.0,952.0,952.0,952.0,952.0,2011-10-05 00:00:00+05:30,13.98399074764991,13.98399074764991,13.490437819234671,13.77011775970459,640,0.0,0.0
953,953.0,953.0,953.0,953.0,953.0,953.0,2011-10-07 00:00:00+05:30,13.786569220197125,14.699642014951724,13.687858011725776,14.2965726852417,435,0.0,0.0
954,954.0,954.0,954.0,954.0,954.0,954.0,2011-10-10 00:00:00+05:30,14.59270434133706,15.300130203915792,14.1485078378063,14.502219200134276,5780,0.0,0.0
955,955.0,955.0,955.0,955.0,955.0,955.0,2011-10-11 00:00:00+05:30,14.14850885098032,14.633835712067208,13.66318198989343,13.712536811828612,1325,0.0,0.0
956,956.0,956.0,956.0,956.0,956.0,956.0,2011-10-12 00:00:00+05:30,13.65495542872989,13.983990177948144,13.408178190095116,13.83592414855957,760,0.0,0.0
957,957.0,957.0,957.0,957.0,957.0,957.0,2011-10-13 00:00:00+05:30,13.761892231973604,13.983991293778509,13.654956518305443,13.975765228271484,1330,0.0,0.0
958,958.0,958.0,958.0,958.0,958.0,958.0,2011-10-14 00:00:00+05:30,14.658512321086375,14.658512321086375,13.975764604110845,13.983990669250488,220,0.0,0.0
959,959.0,959.0,959.0,959.0,959.0,959.0,2011-10-17 00:00:00+05:30,14.8065792694674,14.8065792694674,13.506890707461505,13.901732444763184,1835,0.0,0.0
960,960.0,960.0,960.0,960.0,960.0,960.0,2011-10-18 00:00:00+05:30,13.983990622926925,15.283679100416968,13.983990622926925,14.798352241516112,7165,0.0,0.0
961,961.0,961.0,961.0,961.0,961.0,961.0,2011-10-19 00:00:00+05:30,14.49399394595821,15.217870330810548,14.164957656609475,14.395282745361328,3805,0.0,0.0
962,962.0,962.0,962.0,962.0,962.0,962.0,2011-10-20 00:00:00+05:30,14.61738305079419,14.61738305079419,13.827698083708931,13.83592414855957,380,0.0,0.0
963,963.0,963.0,963.0,963.0,963.0,963.0,2011-10-21 00:00:00+05:30,14.000442980093975,14.625609818116295,13.983990849602504,14.156733512878418,24360,0.0,0.0
964,964.0,964.0,964.0,964.0,964.0,964.0,2011-10-24 00:00:00+05:30,14.93819145522481,14.93819145522481,14.148508071899414,14.148508071899414,60,0.0,0.0
965,965.0,965.0,965.0,965.0,965.0,965.0,2011-10-25 00:00:00+05:30,14.115603681740089,16.45175268911072,14.115603681740089,15.941747665405272,37850,0.0,0.0
966,966.0,966.0,966.0,966.0,966.0,966.0,2011-10-28 00:00:00+05:30,16.451754725761152,16.780789506484055,15.629166989473095,15.694973945617676,16520,0.0,0.0
967,967.0,967.0,967.0,967.0,967.0,967.0,2011-10-31 00:00:00+05:30,16.43530097744364,16.43530097744364,15.234323753726722,15.46464729309082,6210,0.0,0.0
968,968.0,968.0,968.0,968.0,968.0,968.0,2011-11-01 00:00:00+05:30,15.217869350893167,15.4646449830529,15.217869350893167,15.39883804321289,6290,0.0,0.0
969,969.0,969.0,969.0,969.0,969.0,969.0,2011-11-02 00:00:00+05:30,15.62917056166448,15.793688774108888,15.62917056166448,15.793688774108888,12545,0.0,0.0
970,970.0,970.0,970.0,970.0,970.0,970.0,2011-11-03 00:00:00+05:30,15.793685737576435,15.793685737576435,15.629167556762694,15.629167556762695,2800,0.0,0.0
971,971.0,971.0,971.0,971.0,971.0,971.0,2011-11-04 00:00:00+05:30,15.917071444912976,15.917071444912976,15.46464729309082,15.46464729309082,550,0.0,0.0
972,972.0,972.0,972.0,972.0,972.0,972.0,2011-11-08 00:00:00+05:30,15.505778320037331,16.032233941258603,15.464647994028477,15.810134887695312,7725,0.0,0.0
973,973.0,973.0,973.0,973.0,973.0,973.0,2011-11-09 00:00:00+05:30,16.114490509033203,16.114490509033203,16.114490509033203,16.114490509033203,35,0.0,0.0
974,974.0,974.0,974.0,974.0,974.0,974.0,2011-11-11 00:00:00+05:30,15.629167556762694,15.629167556762694,15.629167556762694,15.629167556762695,10005,0.0,0.0
975,975.0,975.0,975.0,975.0,975.0,975.0,2011-11-14 00:00:00+05:30,15.46464796998804,15.46464796998804,15.135613207236243,15.209646224975586,410,0.0,0.0
976,976.0,976.0,976.0,976.0,976.0,976.0,2011-11-15 00:00:00+05:30,14.86415868123236,15.744327221428462,14.86415868123236,15.46464729309082,5250,0.0,0.0
977,977.0,977.0,977.0,977.0,977.0,977.0,2011-11-16 00:00:00+05:30,15.217870798291296,15.300129873155411,14.66673703635148,14.757222175598145,1735,0.0,0.0
978,978.0,978.0,978.0,978.0,978.0,978.0,2011-11-17 00:00:00+05:30,14.814805655669058,14.814805655669058,14.80657958984375,14.80657958984375,335,0.0,0.0
979,979.0,979.0,979.0,979.0,979.0,979.0,2011-11-18 00:00:00+05:30,14.568027673784616,14.81480492956391,14.34593018323327,14.436413764953612,1320,0.0,0.0
980,980.0,980.0,980.0,980.0,980.0,980.0,2011-11-21 00:00:00+05:30,14.81480652578768,14.81480652578768,14.510448348221894,14.724321365356444,855,0.0,0.0
981,981.0,981.0,981.0,981.0,981.0,981.0,2011-11-22 00:00:00+05:30,14.806579519243895,15.05335521697998,14.806579519243895,15.05335521697998,2550,0.0,0.0
982,982.0,982.0,982.0,982.0,982.0,982.0,2011-11-23 00:00:00+05:30,14.839484425739704,14.839484425739704,14.642061976237834,14.74077320098877,1050,0.0,0.0
983,983.0,983.0,983.0,983.0,983.0,983.0,2011-11-24 00:00:00+05:30,14.81480492956391,14.81480492956391,14.436413764953612,14.436413764953612,785,0.0,0.0
984,984.0,984.0,984.0,984.0,984.0,984.0,2011-11-25 00:00:00+05:30,14.87238531968449,14.87238531968449,14.85593318939209,14.85593318939209,115,0.0,0.0
985,985.0,985.0,985.0,985.0,985.0,985.0,2011-11-28 00:00:00+05:30,14.839481353759766,14.839481353759766,14.839481353759766,14.839481353759766,230,0.0,0.0
986,986.0,986.0,986.0,986.0,986.0,986.0,2011-11-29 00:00:00+05:30,14.839481353759766,14.839481353759766,14.839481353759766,14.839481353759766,0,0.0,0.0
987,987.0,987.0,987.0,987.0,987.0,987.0,2011-11-30 00:00:00+05:30,14.814803553130734,15.448196411132812,14.814803553130734,15.448196411132812,5000,0.0,0.0
988,988.0,988.0,988.0,988.0,988.0,988.0,2011-12-01 00:00:00+05:30,15.867715521025357,15.867715521025357,14.658510747639294,14.831254959106444,1095,0.0,0.0
989,989.0,989.0,989.0,989.0,989.0,989.0,2011-12-02 00:00:00+05:30,14.82303245399022,15.300133312703164,14.82303245399022,14.9135160446167,2935,0.0,0.0
990,990.0,990.0,990.0,990.0,990.0,990.0,2011-12-05 00:00:00+05:30,14.84770584923821,14.864157978117824,14.839481353759766,14.839481353759766,2490,0.0,0.0
991,991.0,991.0,991.0,991.0,991.0,991.0,2011-12-07 00:00:00+05:30,14.971095246873972,16.106265467224347,14.839481353759766,14.839481353759766,3145,0.0,0.0
992,992.0,992.0,992.0,992.0,992.0,992.0,2011-12-08 00:00:00+05:30,14.80657983100742,15.464649418134195,14.73254680633545,14.73254680633545,265,0.0,0.0
993,993.0,993.0,993.0,993.0,993.0,993.0,2011-12-09 00:00:00+05:30,14.64205893013229,14.64205893013229,14.576251983642578,14.576251983642578,125,0.0,0.0
994,994.0,994.0,994.0,994.0,994.0,994.0,2011-12-12 00:00:00+05:30,14.658513542911452,14.814805655669058,14.658513542911452,14.80657958984375,700,0.0,0.0
995,995.0,995.0,995.0,995.0,995.0,995.0,2011-12-13 00:00:00+05:30,14.82303061118246,14.82303061118246,14.666738510131834,14.666738510131836,555,0.0,0.0
996,996.0,996.0,996.0,996.0,996.0,996.0,2011-12-14 00:00:00+05:30,15.300129873155411,15.300129873155411,14.008667575361264,14.757222175598145,4135,0.0,0.0
997,997.0,997.0,997.0,997.0,997.0,997.0,2011-12-15 00:00:00+05:30,14.806575981514614,14.806575981514614,14.14850656547624,14.214313507080078,1875,0.0,0.0
998,998.0,998.0,998.0,998.0,998.0,998.0,2011-12-16 00:00:00+05:30,14.477542070345477,14.477542070345477,14.025117949076389,14.074474334716797,3105,0.0,0.0
999,999.0,999.0,999.0,999.0,999.0,999.0,2011-12-19 00:00:00+05:30,13.654953862790975,13.654953862790975,13.202529761658235,13.325919151306152,565,0.0,0.0
1000,1000.0,1000.0,1000.0,1000.0,1000.0,1000.0,2011-12-20 00:00:00+05:30,14.082702602269364,14.806579113006592,13.16140365600586,13.16140365600586,1570,0.0,0.0
1001,1001.0,1001.0,1001.0,1001.0,1001.0,1001.0,2011-12-21 00:00:00+05:30,12.355266941298552,14.477543026146575,12.355266941298552,13.50688934326172,5020,0.0,0.0
1002,1002.0,1002.0,1002.0,1002.0,1002.0,1002.0,2011-12-22 00:00:00+05:30,13.490438316604914,13.877055549782188,12.75010968116811,13.646730422973633,11245,0.0,0.0
1003,1003.0,1003.0,1003.0,1003.0,1003.0,1003.0,2011-12-23 00:00:00+05:30,13.646730422973633,13.646730422973633,13.646730422973633,13.646730422973633,0,0.0,0.0
1004,1004.0,1004.0,1004.0,1004.0,1004.0,1004.0,2011-12-26 00:00:00+05:30,13.983990669250488,13.983990669250488,13.983990669250488,13.983990669250488,100,0.0,0.0
1005,1005.0,1005.0,1005.0,1005.0,1005.0,1005.0,2011-12-27 00:00:00+05:30,13.983990669250488,13.983990669250488,13.983990669250488,13.983990669250488,0,0.0,0.0
1006,1006.0,1006.0,1006.0,1006.0,1006.0,1006.0,2011-12-28 00:00:00+05:30,13.967538833618164,13.967538833618164,13.506890158811103,13.967538833618164,2305,0.0,0.0
1007,1007.0,1007.0,1007.0,1007.0,1007.0,1007.0,2011-12-29 00:00:00+05:30,13.498662440520086,14.395283053360597,12.36349145417454,13.860601425170898,1710,0.0,0.0
1008,1008.0,1008.0,1008.0,1008.0,1008.0,1008.0,2011-12-30 00:00:00+05:30,14.444637170354556,14.444637170354556,13.325919151306152,13.325919151306152,110,0.0,0.0
1009,1009.0,1009.0,1009.0,1009.0,1009.0,1009.0,2012-01-02 00:00:00+05:30,13.408176927916616,13.9839888615656,13.038013458251951,13.038013458251951,8285,0.0,0.0
1010,1010.0,1010.0,1010.0,1010.0,1010.0,1010.0,2012-01-03 00:00:00+05:30,13.18608185268704,13.49043843361369,13.16140365600586,13.16140365600586,9375,0.0,0.0
1011,1011.0,1011.0,1011.0,1011.0,1011.0,1011.0,2012-01-04 00:00:00+05:30,13.490435722567932,13.490435722567932,13.095594068786143,13.325919151306152,7555,0.0,0.0
1012,1012.0,1012.0,1012.0,1012.0,1012.0,1012.0,2012-01-05 00:00:00+05:30,13.235436149903958,13.457535204303356,13.00511181475258,13.12027359008789,5130,0.0,0.0
1013,1013.0,1013.0,1013.0,1013.0,1013.0,1013.0,2012-01-06 00:00:00+05:30,13.54801763669542,13.54801763669542,13.161402017264376,13.383501052856444,3665,0.0,0.0
1014,1014.0,1014.0,1014.0,1014.0,1014.0,1014.0,2012-01-09 00:00:00+05:30,14.066249242029071,14.066249242029071,13.005111196365878,13.128499031066896,2530,0.0,0.0
1015,1015.0,1015.0,1015.0,1015.0,1015.0,1015.0,2012-01-10 00:00:00+05:30,13.786570573189715,13.819473266601562,13.342372444917885,13.819473266601562,2055,0.0,0.0
1016,1016.0,1016.0,1016.0,1016.0,1016.0,1016.0,2012-01-11 00:00:00+05:30,13.819471910379953,14.2965726852417,13.654955321542948,14.2965726852417,1650,0.0,0.0
1017,1017.0,1017.0,1017.0,1017.0,1017.0,1017.0,2012-01-12 00:00:00+05:30,13.81947149416036,13.81947149416036,13.65495491027832,13.65495491027832,10,0.0,0.0
1018,1018.0,1018.0,1018.0,1018.0,1018.0,1018.0,2012-01-13 00:00:00+05:30,13.556244359448456,13.728988585172484,13.556244359448456,13.67140769958496,3375,0.0,0.0
1019,1019.0,1019.0,1019.0,1019.0,1019.0,1019.0,2012-01-16 00:00:00+05:30,14.14027976989746,14.14027976989746,13.432854007544492,14.14027976989746,285,0.0,0.0
1020,1020.0,1020.0,1020.0,1020.0,1020.0,1020.0,2012-01-17 00:00:00+05:30,13.720759950522645,14.14027976989746,13.720759950522645,14.14027976989746,255,0.0,0.0
1021,1021.0,1021.0,1021.0,1021.0,1021.0,1021.0,2012-01-18 00:00:00+05:30,15.38238938569163,15.38238938569163,13.334144796038402,14.041570663452148,1275,0.0,0.0
1022,1022.0,1022.0,1022.0,1022.0,1022.0,1022.0,2012-01-19 00:00:00+05:30,14.64205855434111,14.64205855434111,13.992215170553736,14.26366901397705,60,0.0,0.0
1023,1023.0,1023.0,1023.0,1023.0,1023.0,1023.0,2012-01-20 00:00:00+05:30,14.025118933239886,14.025118933239886,13.83592414855957,13.83592414855957,150,0.0,0.0
1024,1024.0,1024.0,1024.0,1024.0,1024.0,1024.0,2012-01-23 00:00:00+05:30,13.835924634659875,14.148508834120388,13.498663808741933,13.983990669250488,3060,0.0,0.0
1025,1025.0,1025.0,1025.0,1025.0,1025.0,1025.0,2012-01-24 00:00:00+05:30,13.819471509935784,13.983989662967009,12.07558661881945,12.602042198181152,45420,0.0,0.0
1026,1026.0,1026.0,1026.0,1026.0,1026.0,1026.0,2012-01-25 00:00:00+05:30,13.153178541576493,13.202533369546211,12.602044660869256,12.99688720703125,29795,0.0,0.0
1027,1027.0,1027.0,1027.0,1027.0,1027.0,1027.0,2012-01-27 00:00:00+05:30,13.6385027812017,13.737213986700032,13.038014190557568,13.65495491027832,3675,0.0,0.0
1028,1028.0,1028.0,1028.0,1028.0,1028.0,1028.0,2012-01-30 00:00:00+05:30,13.654954531547792,13.737213605687986,13.334144299297174,13.35059642791748,7005,0.0,0.0
1029,1029.0,1029.0,1029.0,1029.0,1029.0,1029.0,2012-01-31 00:00:00+05:30,13.35059642791748,13.35059642791748,13.35059642791748,13.35059642791748,0,0.0,0.0
1030,1030.0,1030.0,1030.0,1030.0,1030.0,1030.0,2012-02-01 00:00:00+05:30,13.161400917397096,13.761889457702637,13.161400917397096,13.761889457702637,30,0.0,0.0
1031,1031.0,1031.0,1031.0,1031.0,1031.0,1031.0,2012-02-02 00:00:00+05:30,13.753667323026216,13.868830680847168,13.753667323026216,13.868830680847168,330,0.0,0.0
1032,1032.0,1032.0,1032.0,1032.0,1032.0,1032.0,2012-02-03 00:00:00+05:30,13.49043701351593,14.23076557744178,13.161402270544595,13.342370986938477,640,0.0,0.0
1033,1033.0,1033.0,1033.0,1033.0,1033.0,1033.0,2012-02-06 00:00:00+05:30,13.20253099446714,14.461090648498176,13.186080434077748,14.12382984161377,4605,0.0,0.0
1034,1034.0,1034.0,1034.0,1034.0,1034.0,1034.0,2012-02-07 00:00:00+05:30,13.983990669250488,13.983990669250488,13.901731586815538,13.983990669250488,3225,0.0,0.0
1035,1035.0,1035.0,1035.0,1035.0,1035.0,1035.0,2012-02-08 00:00:00+05:30,14.06625037443637,14.47754423585871,13.679633140563965,13.679633140563965,8090,0.0,0.0
1036,1036.0,1036.0,1036.0,1036.0,1036.0,1036.0,2012-02-09 00:00:00+05:30,13.66318100604155,14.148507832181254,13.49043678826504,13.959311485290527,4975,0.0,0.0
1037,1037.0,1037.0,1037.0,1037.0,1037.0,1037.0,2012-02-10 00:00:00+05:30,13.98398943607957,13.98398943607957,13.490436553955076,13.490436553955078,2605,0.0,0.0
1038,1038.0,1038.0,1038.0,1038.0,1038.0,1038.0,2012-02-13 00:00:00+05:30,13.16962808524775,13.65495491027832,13.16140202070944,13.65495491027832,910,0.0,0.0
1039,1039.0,1039.0,1039.0,1039.0,1039.0,1039.0,2012-02-14 00:00:00+05:30,13.654956661619154,13.819473266601562,13.334146379324526,13.819473266601562,1210,0.0,0.0
1040,1040.0,1040.0,1040.0,1040.0,1040.0,1040.0,2012-02-15 00:00:00+05:30,13.819473266601562,14.543351349201233,13.819473266601562,13.819473266601562,10875,0.0,0.0
1041,1041.0,1041.0,1041.0,1041.0,1041.0,1041.0,2012-02-16 00:00:00+05:30,13.515115210922952,14.148508071899414,13.515115210922952,14.148508071899414,5095,0.0,0.0
1042,1042.0,1042.0,1042.0,1042.0,1042.0,1042.0,2012-02-17 00:00:00+05:30,14.148506415742157,14.806575824816155,14.148506415742157,14.345927238464355,6370,0.0,0.0
1043,1043.0,1043.0,1043.0,1043.0,1043.0,1043.0,2012-02-21 00:00:00+05:30,14.000444347956766,14.016896480055635,13.663183484738305,13.951087951660156,360,0.0,0.0
1044,1044.0,1044.0,1044.0,1044.0,1044.0,1044.0,2012-02-22 00:00:00+05:30,13.992215156555176,14.008667284979238,13.992215156555176,13.992215156555176,1300,0.0,0.0
1045,1045.0,1045.0,1045.0,1045.0,1045.0,1045.0,2012-02-23 00:00:00+05:30,13.654955340861555,13.66318140565926,13.161402435729416,13.2107572555542,5410,0.0,0.0
1046,1046.0,1046.0,1046.0,1046.0,1046.0,1046.0,2012-02-24 00:00:00+05:30,13.284790075316264,13.309468269348145,13.161402243079673,13.309468269348145,935,0.0,0.0
1047,1047.0,1047.0,1047.0,1047.0,1047.0,1047.0,2012-02-27 00:00:00+05:30,12.87349586522128,13.161401844358904,12.857044520845786,12.972207069396973,1055,0.0,0.0
1048,1048.0,1048.0,1048.0,1048.0,1048.0,1048.0,2012-02-28 00:00:00+05:30,13.975765228271484,13.975765228271484,13.975765228271484,13.975765228271484,250,0.0,0.0
1049,1049.0,1049.0,1049.0,1049.0,1049.0,1049.0,2012-02-29 00:00:00+05:30,13.53156635746306,14.123828851938669,12.906398822110845,13.580921173095703,3760,0.0,0.0
1050,1050.0,1050.0,1050.0,1050.0,1050.0,1050.0,2012-03-01 00:00:00+05:30,13.325919151306152,13.325919151306152,13.325919151306152,13.325919151306152,255,0.0,0.0
1051,1051.0,1051.0,1051.0,1051.0,1051.0,1051.0,2012-03-02 00:00:00+05:30,12.99688526386811,13.983990304969836,12.848819233134597,13.103821754455566,3320,0.0,0.0
1052,1052.0,1052.0,1052.0,1052.0,1052.0,1052.0,2012-03-05 00:00:00+05:30,13.161402505952546,13.572696334263563,12.85704516714008,13.128499031066896,4275,0.0,0.0
1053,1053.0,1053.0,1053.0,1053.0,1053.0,1053.0,2012-03-06 00:00:00+05:30,12.832366587816496,13.77834199294269,12.388169325094882,12.931077003479004,2705,0.0,0.0
1054,1054.0,1054.0,1054.0,1054.0,1054.0,1054.0,2012-03-07 00:00:00+05:30,13.079145515141066,13.079145515141066,12.99688720703125,12.99688720703125,275,0.0,0.0
1055,1055.0,1055.0,1055.0,1055.0,1055.0,1055.0,2012-03-09 00:00:00+05:30,13.646730596025796,13.819473266601562,12.832368929822357,13.819473266601562,1660,0.0,0.0
1056,1056.0,1056.0,1056.0,1056.0,1056.0,1056.0,2012-03-12 00:00:00+05:30,13.325920566092226,13.325920566092226,13.177854537963867,13.177854537963867,30,0.0,0.0
1057,1057.0,1057.0,1057.0,1057.0,1057.0,1057.0,2012-03-13 00:00:00+05:30,13.33414516074168,13.654955413718056,13.128499031066896,13.128499031066896,6645,0.0,0.0
1058,1058.0,1058.0,1058.0,1058.0,1058.0,1058.0,2012-03-14 00:00:00+05:30,13.005112219963015,13.975765197727592,13.005112219963015,13.646730422973633,220,0.0,0.0
1059,1059.0,1059.0,1059.0,1059.0,1059.0,1059.0,2012-03-15 00:00:00+05:30,13.654954741743254,13.737213817149687,12.832367125601628,13.515114784240724,445,0.0,0.0
1060,1060.0,1060.0,1060.0,1060.0,1060.0,1060.0,2012-03-16 00:00:00+05:30,12.93930459275998,13.16140365600586,12.93930459275998,13.16140365600586,150,0.0,0.0
1061,1061.0,1061.0,1061.0,1061.0,1061.0,1061.0,2012-03-19 00:00:00+05:30,13.079142798877454,13.548017489618587,12.848818485730314,12.865270614624023,1055,0.0,0.0
1062,1062.0,1062.0,1062.0,1062.0,1062.0,1062.0,2012-03-20 00:00:00+05:30,12.865270614624023,12.865270614624023,12.865270614624023,12.865270614624023,0,0.0,0.0
1063,1063.0,1063.0,1063.0,1063.0,1063.0,1063.0,2012-03-21 00:00:00+05:30,13.45753522463546,13.91818389563418,12.80769019092094,12.848819732666016,245,0.0,0.0
1064,1064.0,1064.0,1064.0,1064.0,1064.0,1064.0,2012-03-22 00:00:00+05:30,12.421072646428252,13.646727939982544,12.338813575466222,13.441081047058104,2380,0.0,0.0
1065,1065.0,1065.0,1065.0,1065.0,1065.0,1065.0,2012-03-23 00:00:00+05:30,14.099153042140133,14.115605173118222,13.34237227572524,13.646730422973633,555,0.0,0.0
1066,1066.0,1066.0,1066.0,1066.0,1066.0,1066.0,2012-03-26 00:00:00+05:30,12.692526817321776,12.692526817321776,12.692526817321776,12.692526817321776,15,0.0,0.0
1067,1067.0,1067.0,1067.0,1067.0,1067.0,1067.0,2012-03-27 00:00:00+05:30,12.634946345738568,13.901731327858917,12.092038608327094,13.186080932617188,15715,0.0,0.0
1068,1068.0,1068.0,1068.0,1068.0,1068.0,1068.0,2012-03-28 00:00:00+05:30,13.951085119032005,13.959311183411218,13.49866256090467,13.704309463500977,4355,0.0,0.0
1069,1069.0,1069.0,1069.0,1069.0,1069.0,1069.0,2012-03-29 00:00:00+05:30,13.490439428307784,13.983992415591592,13.334147309059546,13.811249732971191,3850,0.0,0.0
1070,1070.0,1070.0,1070.0,1070.0,1070.0,1070.0,2012-03-30 00:00:00+05:30,14.230764689683635,14.43641158733202,14.148507185793337,14.206088066101074,2535,0.0,0.0
1071,1071.0,1071.0,1071.0,1071.0,1071.0,1071.0,2012-04-02 00:00:00+05:30,14.313025430028787,14.436413269200465,13.983990669250488,13.983990669250488,1005,0.0,0.0
1072,1072.0,1072.0,1072.0,1072.0,1072.0,1072.0,2012-04-03 00:00:00+05:30,14.436412819896784,14.44463888478041,13.712536368713693,14.42818832397461,3360,0.0,0.0
1073,1073.0,1073.0,1073.0,1073.0,1073.0,1073.0,2012-04-04 00:00:00+05:30,14.444637666763038,14.847705398304043,14.115602943970512,14.47754192352295,175,0.0,0.0
1074,1074.0,1074.0,1074.0,1074.0,1074.0,1074.0,2012-04-09 00:00:00+05:30,14.60915671217256,14.60915671217256,14.115603813113482,14.148508071899414,960,0.0,0.0
1075,1075.0,1075.0,1075.0,1075.0,1075.0,1075.0,2012-04-10 00:00:00+05:30,14.8394842050287,14.847708702087402,14.8394842050287,14.847708702087402,300,0.0,0.0
1076,1076.0,1076.0,1076.0,1076.0,1076.0,1076.0,2012-04-11 00:00:00+05:30,14.847708702087402,14.847708702087402,14.847708702087402,14.847708702087402,0,0.0,0.0
1077,1077.0,1077.0,1077.0,1077.0,1077.0,1077.0,2012-04-12 00:00:00+05:30,14.2554428972775,16.61626997511634,12.99688410199527,14.47754192352295,5740,0.0,0.0
1078,1078.0,1078.0,1078.0,1078.0,1078.0,1078.0,2012-04-13 00:00:00+05:30,14.954642554500603,15.382388475484913,14.230764600686962,14.395282745361328,2040,0.0,0.0
1079,1079.0,1079.0,1079.0,1079.0,1079.0,1079.0,2012-04-16 00:00:00+05:30,14.197864771728154,15.464649092514533,14.197864771728154,15.05335521697998,5560,0.0,0.0
1080,1080.0,1080.0,1080.0,1080.0,1080.0,1080.0,2012-04-17 00:00:00+05:30,14.814804432622587,15.300131293517902,14.806578367476387,14.85593318939209,2235,0.0,0.0
1081,1081.0,1081.0,1081.0,1081.0,1081.0,1081.0,2012-04-18 00:00:00+05:30,15.78545827519059,15.78545827519059,14.650286379713556,14.666738510131836,1115,0.0,0.0
1082,1082.0,1082.0,1082.0,1082.0,1082.0,1082.0,2012-04-19 00:00:00+05:30,14.95464266381244,14.95464266381244,14.34592803440594,14.47754192352295,1935,0.0,0.0
1083,1083.0,1083.0,1083.0,1083.0,1083.0,1083.0,2012-04-20 00:00:00+05:30,14.47754192352295,14.47754192352295,14.47754192352295,14.47754192352295,0,0.0,0.0
1084,1084.0,1084.0,1084.0,1084.0,1084.0,1084.0,2012-04-23 00:00:00+05:30,15.38239015825009,15.38239015825009,14.47754340147747,15.22609806060791,2975,0.0,0.0
1085,1085.0,1085.0,1085.0,1085.0,1085.0,1085.0,2012-04-24 00:00:00+05:30,14.806577796391338,15.46464729309082,14.806577796391338,15.46464729309082,400,0.0,0.0
1086,1086.0,1086.0,1086.0,1086.0,1086.0,1086.0,2012-04-25 00:00:00+05:30,14.8394820049302,15.48109936977639,14.8394820049302,14.864158630371094,2570,0.0,0.0
1087,1087.0,1087.0,1087.0,1087.0,1087.0,1087.0,2012-04-26 00:00:00+05:30,14.971098591902011,15.464650016874968,14.971098591902011,15.324810028076172,455,0.0,0.0
1088,1088.0,1088.0,1088.0,1088.0,1088.0,1088.0,2012-04-27 00:00:00+05:30,15.036902206635007,15.472872639598132,14.839481366790343,15.382389068603516,3595,0.0,0.0
1089,1089.0,1089.0,1089.0,1089.0,1089.0,1089.0,2012-04-30 00:00:00+05:30,15.629163633662706,15.629163633662706,15.25077410931754,15.546904563903809,2475,0.0,0.0
1090,1090.0,1090.0,1090.0,1090.0,1090.0,1090.0,2012-05-02 00:00:00+05:30,15.308356909020793,15.464647435323467,15.003998783397115,15.300130844116213,1110,0.0,0.0
1091,1091.0,1091.0,1091.0,1091.0,1091.0,1091.0,2012-05-03 00:00:00+05:30,15.316584895970568,15.744329341955323,15.316584895970568,15.629167556762695,2175,0.0,0.0
1092,1092.0,1092.0,1092.0,1092.0,1092.0,1092.0,2012-05-04 00:00:00+05:30,15.497556225445637,15.703203201293944,15.497556225445637,15.703203201293944,625,0.0,0.0
1093,1093.0,1093.0,1093.0,1093.0,1093.0,1093.0,2012-05-07 00:00:00+05:30,15.423519591470884,15.908846466799424,15.423519591470884,15.843039512634276,1610,0.0,0.0
1094,1094.0,1094.0,1094.0,1094.0,1094.0,1094.0,2012-05-08 00:00:00+05:30,15.637393951416016,15.637393951416016,15.637393951416016,15.637393951416016,150,0.0,0.0
1095,1095.0,1095.0,1095.0,1095.0,1095.0,1095.0,2012-05-09 00:00:00+05:30,15.7772330330388,15.917073010966233,15.629166989473095,15.694973945617676,645,0.0,0.0
1096,1096.0,1096.0,1096.0,1096.0,1096.0,1096.0,2012-05-10 00:00:00+05:30,15.135614583283122,15.629167556762694,14.09092774372766,15.629167556762695,1650,0.0,0.0
1097,1097.0,1097.0,1097.0,1097.0,1097.0,1097.0,2012-05-11 00:00:00+05:30,15.629164192113183,15.629164192113183,15.481098175048828,15.481098175048828,360,0.0,0.0
1098,1098.0,1098.0,1098.0,1098.0,1098.0,1098.0,2012-05-14 00:00:00+05:30,15.752558436516807,15.958205417591342,15.645622696701311,15.793688774108888,1950,0.0,0.0
1099,1099.0,1099.0,1099.0,1099.0,1099.0,1099.0,2012-05-15 00:00:00+05:30,15.727874202024116,16.12271583831898,15.629163008469805,16.040456771850586,4010,0.0,0.0
1100,1100.0,1100.0,1100.0,1100.0,1100.0,1100.0,2012-05-16 00:00:00+05:30,15.645615577697754,15.645615577697754,15.645615577697754,15.645615577697754,150,0.0,0.0
1101,1101.0,1101.0,1101.0,1101.0,1101.0,1101.0,2012-05-17 00:00:00+05:30,15.752558364389072,15.752558364389072,15.711429595947266,15.711429595947266,1000,0.0,0.0
1102,1102.0,1102.0,1102.0,1102.0,1102.0,1102.0,2012-05-18 00:00:00+05:30,15.95820426940918,15.95820426940918,15.95820426940918,15.95820426940918,375,0.0,0.0
1103,1103.0,1103.0,1103.0,1103.0,1103.0,1103.0,2012-05-21 00:00:00+05:30,15.793688774108888,15.793688774108888,15.793688774108888,15.793688774108888,125,0.0,0.0
1104,1104.0,1104.0,1104.0,1104.0,1104.0,1104.0,2012-05-22 00:00:00+05:30,15.793688774108888,15.793688774108888,15.793688774108888,15.793688774108888,0,0.0,0.0
1105,1105.0,1105.0,1105.0,1105.0,1105.0,1105.0,2012-05-23 00:00:00+05:30,16.254334116734363,17.463537543549613,16.254334116734363,16.542240142822266,6090,0.0,0.0
1106,1106.0,1106.0,1106.0,1106.0,1106.0,1106.0,2012-05-24 00:00:00+05:30,16.86304410965538,16.86304410965538,16.591590291624254,16.632719039916992,2750,0.0,0.0
1107,1107.0,1107.0,1107.0,1107.0,1107.0,1107.0,2012-05-25 00:00:00+05:30,16.86304184515011,16.86304184515011,16.303682157301623,16.61626625061035,2505,0.0,0.0
1108,1108.0,1108.0,1108.0,1108.0,1108.0,1108.0,2012-05-28 00:00:00+05:30,16.61627111368355,16.61627111368355,15.793683465856867,16.435300827026367,10750,0.0,0.0
1109,1109.0,1109.0,1109.0,1109.0,1109.0,1109.0,2012-05-29 00:00:00+05:30,16.139165617262105,16.66562105572611,16.139165617262105,16.61626625061035,2575,0.0,0.0
1110,1110.0,1110.0,1110.0,1110.0,1110.0,1110.0,2012-05-30 00:00:00+05:30,16.451748141609865,16.61626625061035,16.435296016917622,16.61626625061035,4100,0.0,0.0
1111,1111.0,1111.0,1111.0,1111.0,1111.0,1111.0,2012-05-31 00:00:00+05:30,16.61626625061035,16.61626625061035,16.61626625061035,16.61626625061035,1000,0.0,0.0
1112,1112.0,1112.0,1112.0,1112.0,1112.0,1112.0,2012-06-01 00:00:00+05:30,16.30368870732115,16.61627292621083,15.81013575099538,16.320140838623047,2775,0.0,0.0
1113,1113.0,1113.0,1113.0,1113.0,1113.0,1113.0,2012-06-04 00:00:00+05:30,16.698530444797125,16.698530444797125,16.122719969885058,16.320140838623047,410,0.0,0.0
1114,1114.0,1114.0,1114.0,1114.0,1114.0,1114.0,2012-06-05 00:00:00+05:30,16.130945854585367,16.16384854785848,15.810135573643462,16.155622482299805,685,0.0,0.0
1115,1115.0,1115.0,1115.0,1115.0,1115.0,1115.0,2012-06-06 00:00:00+05:30,16.74788277780358,16.74788277780358,16.204975128173828,16.204975128173828,340,0.0,0.0
1116,1116.0,1116.0,1116.0,1116.0,1116.0,1116.0,2012-06-07 00:00:00+05:30,16.61627158361519,16.61627158361519,16.122718667168524,16.287235260009766,370,0.0,0.0
1117,1117.0,1117.0,1117.0,1117.0,1117.0,1117.0,2012-06-08 00:00:00+05:30,16.55045932080235,16.61626625061035,15.99109963295386,16.61626625061035,17645,0.0,0.0
1118,1118.0,1118.0,1118.0,1118.0,1118.0,1118.0,2012-06-11 00:00:00+05:30,16.180296937204762,16.451750762019635,16.180296937204762,16.204975128173828,1010,0.0,0.0
1119,1119.0,1119.0,1119.0,1119.0,1119.0,1119.0,2012-06-12 00:00:00+05:30,16.451752369370915,16.468204498291016,16.451752369370915,16.468204498291016,930,0.0,0.0
1120,1120.0,1120.0,1120.0,1120.0,1120.0,1120.0,2012-06-13 00:00:00+05:30,16.468206217772366,16.468206217772366,16.303688049316406,16.303688049316406,1235,0.0,0.0
1121,1121.0,1121.0,1121.0,1121.0,1121.0,1121.0,2012-06-14 00:00:00+05:30,16.303688049316406,16.303688049316406,16.303688049316406,16.303688049316406,100,0.0,0.0
1122,1122.0,1122.0,1122.0,1122.0,1122.0,1122.0,2012-06-15 00:00:00+05:30,16.30368507937519,16.30368507937519,16.1556190685294,16.221426010131836,250,0.0,0.0
1123,1123.0,1123.0,1123.0,1123.0,1123.0,1123.0,2012-06-18 00:00:00+05:30,16.221426010131836,16.221426010131836,16.221426010131836,16.221426010131836,0,0.0,0.0
1124,1124.0,1124.0,1124.0,1124.0,1124.0,1124.0,2012-06-19 00:00:00+05:30,15.834815025329592,15.834815025329592,15.834815025329592,15.83481502532959,45,0.0,0.0
1125,1125.0,1125.0,1125.0,1125.0,1125.0,1125.0,2012-06-20 00:00:00+05:30,15.810136826697669,16.30368981660418,15.793686263238092,15.83481502532959,1380,0.0,0.0
1126,1126.0,1126.0,1126.0,1126.0,1126.0,1126.0,2012-06-21 00:00:00+05:30,16.30368786858697,16.435301774308158,16.130945205688477,16.130945205688477,520,0.0,0.0
1127,1127.0,1127.0,1127.0,1127.0,1127.0,1127.0,2012-06-22 00:00:00+05:30,16.130945205688477,16.130945205688477,16.130945205688477,16.130945205688477,0,0.0,0.0
1128,1128.0,1128.0,1128.0,1128.0,1128.0,1128.0,2012-06-25 00:00:00+05:30,16.28723733215568,16.28723733215568,16.12272071838379,16.12272071838379,225,0.0,0.0
1129,1129.0,1129.0,1129.0,1129.0,1129.0,1129.0,2012-06-26 00:00:00+05:30,16.122719161416153,16.731433868408203,15.95820099457008,16.731433868408203,2275,0.0,0.0
1130,1130.0,1130.0,1130.0,1130.0,1130.0,1130.0,2012-06-27 00:00:00+05:30,16.6162736976228,16.6162736976228,16.04046162701701,16.12272071838379,2070,0.0,0.0
1131,1131.0,1131.0,1131.0,1131.0,1131.0,1131.0,2012-06-28 00:00:00+05:30,16.204977484206026,16.59981918334961,16.08981414523473,16.59981918334961,230,0.0,0.0
1132,1132.0,1132.0,1132.0,1132.0,1132.0,1132.0,2012-06-29 00:00:00+05:30,16.12272071838379,16.12272071838379,16.02400949495132,16.12272071838379,2740,0.0,0.0
1133,1133.0,1133.0,1133.0,1133.0,1133.0,1133.0,2012-07-02 00:00:00+05:30,16.155621549171336,17.109823133401733,16.122718857798645,16.451753616333008,109915,0.0,0.0
1134,1134.0,1134.0,1134.0,1134.0,1134.0,1134.0,2012-07-03 00:00:00+05:30,16.61626625061035,16.61626625061035,16.61626625061035,16.61626625061035,750,0.0,0.0
1135,1135.0,1135.0,1135.0,1135.0,1135.0,1135.0,2012-07-04 00:00:00+05:30,16.616274461708695,17.27434408498039,16.616274461708695,17.241439819335938,5410,0.0,0.0
1136,1136.0,1136.0,1136.0,1136.0,1136.0,1136.0,2012-07-05 00:00:00+05:30,17.307243339404643,17.88305370080412,17.109820940623997,17.315467834472656,24790,0.0,0.0
1137,1137.0,1137.0,1137.0,1137.0,1137.0,1137.0,2012-07-06 00:00:00+05:30,16.78078981199782,17.767895741099537,16.451755025284456,17.20030975341797,13220,0.0,0.0
1138,1138.0,1138.0,1138.0,1138.0,1138.0,1138.0,2012-07-09 00:00:00+05:30,17.43063666813289,17.438862734760747,16.9453097198219,17.027568817138672,2170,0.0,0.0
1139,1139.0,1139.0,1139.0,1139.0,1139.0,1139.0,2012-07-10 00:00:00+05:30,16.82192168543496,17.2085373991999,16.78079135271841,17.19208526611328,3815,0.0,0.0
1140,1140.0,1140.0,1140.0,1140.0,1140.0,1140.0,2012-07-11 00:00:00+05:30,16.780789086868236,17.397729873657227,16.780789086868236,17.397729873657227,350,0.0,0.0
1141,1141.0,1141.0,1141.0,1141.0,1141.0,1141.0,2012-07-12 00:00:00+05:30,17.27434618873435,17.27434618873435,16.649179186009484,17.07692527770996,2225,0.0,0.0
1142,1142.0,1142.0,1142.0,1142.0,1142.0,1142.0,2012-07-13 00:00:00+05:30,16.632719848869144,16.895949185213137,16.632719848869144,16.7561092376709,2240,0.0,0.0
1143,1143.0,1143.0,1143.0,1143.0,1143.0,1143.0,2012-07-16 00:00:00+05:30,17.093373683901298,17.43886059507225,16.632723423032296,16.863048553466797,8135,0.0,0.0
1144,1144.0,1144.0,1144.0,1144.0,1144.0,1144.0,2012-07-17 00:00:00+05:30,16.73965835571289,16.73965835571289,16.73965835571289,16.73965835571289,395,0.0,0.0
1145,1145.0,1145.0,1145.0,1145.0,1145.0,1145.0,2012-07-18 00:00:00+05:30,16.46820395737883,16.476430021568685,16.295459747314453,16.295459747314453,770,0.0,0.0
1146,1146.0,1146.0,1146.0,1146.0,1146.0,1146.0,2012-07-19 00:00:00+05:30,16.287235452585083,16.65740053653717,16.287235452585083,16.451753616333008,390,0.0,0.0
1147,1147.0,1147.0,1147.0,1147.0,1147.0,1147.0,2012-07-20 00:00:00+05:30,16.73965847805722,16.73965847805722,16.204976835742755,16.311912536621094,2635,0.0,0.0
1148,1148.0,1148.0,1148.0,1148.0,1148.0,1148.0,2012-07-23 00:00:00+05:30,16.451753616333008,16.451753616333008,16.180299744421973,16.451753616333008,60,0.0,0.0
1149,1149.0,1149.0,1149.0,1149.0,1149.0,1149.0,2012-07-24 00:00:00+05:30,16.780788102002493,17.10982285518657,16.237880367008405,16.501108169555664,3575,0.0,0.0
1150,1150.0,1150.0,1150.0,1150.0,1150.0,1150.0,2012-07-25 00:00:00+05:30,16.303688643098432,16.863048553466797,16.25433381834875,16.863048553466797,1380,0.0,0.0
1151,1151.0,1151.0,1151.0,1151.0,1151.0,1151.0,2012-07-26 00:00:00+05:30,16.48465787666719,16.616271780080933,16.287235452585083,16.451753616333008,2485,0.0,0.0
1152,1152.0,1152.0,1152.0,1152.0,1152.0,1152.0,2012-07-27 00:00:00+05:30,16.98300734196679,17.47998731746156,14.566656370273773,16.888751983642578,7820,0.8,0.0
1153,1153.0,1153.0,1153.0,1153.0,1153.0,1153.0,2012-07-30 00:00:00+05:30,16.965869892765223,16.965869892765223,16.794498443603516,16.794498443603516,1175,0.0,0.0
1154,1154.0,1154.0,1154.0,1154.0,1154.0,1154.0,2012-07-31 00:00:00+05:30,16.965870300456142,17.4628502933368,16.451754306281927,16.665969848632812,14385,0.0,0.0
1155,1155.0,1155.0,1155.0,1155.0,1155.0,1155.0,2012-08-01 00:00:00+05:30,15.954773913610287,17.58281166781505,15.954773913610287,17.360027313232422,960,0.0,0.0
1156,1156.0,1156.0,1156.0,1156.0,1156.0,1156.0,2012-08-02 00:00:00+05:30,17.651361679865293,17.651361679865293,16.48602856269958,16.674537658691406,1435,0.0,0.0
1157,1157.0,1157.0,1157.0,1157.0,1157.0,1157.0,2012-08-03 00:00:00+05:30,16.811637307987414,17.06869531769196,16.323224474612832,16.580284118652344,9005,0.0,0.0
1158,1158.0,1158.0,1158.0,1158.0,1158.0,1158.0,2012-08-06 00:00:00+05:30,17.29147895811855,17.29147895811855,16.82020378112793,16.82020378112793,1075,0.0,0.0
1159,1159.0,1159.0,1159.0,1159.0,1159.0,1159.0,2012-08-07 00:00:00+05:30,17.120105276933273,19.690691713746133,17.120105276933273,19.05661392211914,27125,0.0,0.0
1160,1160.0,1160.0,1160.0,1160.0,1160.0,1160.0,2012-08-08 00:00:00+05:30,19.056617746535412,19.879206421252533,18.85097098643992,19.810657501220703,22375,0.0,0.0
1161,1161.0,1161.0,1161.0,1161.0,1161.0,1161.0,2012-08-09 00:00:00+05:30,19.879202810128767,20.22194734802722,19.23655618869359,19.776378631591797,6370,0.0,0.0
1162,1162.0,1162.0,1162.0,1162.0,1162.0,1162.0,2012-08-10 00:00:00+05:30,19.53645643468361,20.007731599434948,19.02234045035103,19.982025146484375,16475,0.0,0.0
1163,1163.0,1163.0,1163.0,1163.0,1163.0,1163.0,2012-08-13 00:00:00+05:30,19.793515274798665,20.119122160895422,19.54502447582012,19.673553466796875,3330,0.0,0.0
1164,1164.0,1164.0,1164.0,1164.0,1164.0,1164.0,2012-08-14 00:00:00+05:30,19.54502577135566,20.11912349448485,19.54502577135566,19.5535945892334,1955,0.0,0.0
1165,1165.0,1165.0,1165.0,1165.0,1165.0,1165.0,2012-08-16 00:00:00+05:30,19.536455154418945,19.536455154418945,19.536455154418945,19.536455154418945,1075,0.0,0.0
1166,1166.0,1166.0,1166.0,1166.0,1166.0,1166.0,2012-08-17 00:00:00+05:30,19.53645822732741,19.707831327386515,18.86810673263392,18.885244369506836,1300,0.0,0.0
1167,1167.0,1167.0,1167.0,1167.0,1167.0,1167.0,2012-08-21 00:00:00+05:30,18.679594393802383,20.53898534234797,18.679594393802383,19.6821231842041,430,0.0,0.0
1168,1168.0,1168.0,1168.0,1168.0,1168.0,1168.0,2012-08-22 00:00:00+05:30,19.70783216497764,20.54755679541888,19.45934132276448,20.179105758666992,10910,0.0,0.0
1169,1169.0,1169.0,1169.0,1169.0,1169.0,1169.0,2012-08-23 00:00:00+05:30,20.333340408084684,20.56469360336292,19.896340472893023,20.093420028686523,8410,0.0,0.0
1170,1170.0,1170.0,1170.0,1170.0,1170.0,1170.0,2012-08-24 00:00:00+05:30,20.050577257663164,20.556126139472912,19.02234349033961,19.10802841186523,2075,0.0,0.0
1171,1171.0,1171.0,1171.0,1171.0,1171.0,1171.0,2012-08-27 00:00:00+05:30,19.159438546865456,19.87920289675615,19.159438546865456,19.870634078979492,605,0.0,0.0
1172,1172.0,1172.0,1172.0,1172.0,1172.0,1172.0,2012-08-28 00:00:00+05:30,19.879206158165843,20.37618623040323,18.850970736961177,19.262264251708984,7200,0.0,0.0
1173,1173.0,1173.0,1173.0,1173.0,1173.0,1173.0,2012-08-29 00:00:00+05:30,19.536457166703773,19.536457166703773,19.19371261952799,19.34794807434082,995,0.0,0.0
1174,1174.0,1174.0,1174.0,1174.0,1174.0,1174.0,2012-08-30 00:00:00+05:30,18.86810555626231,19.21085010067638,18.70530128479004,18.70530128479004,645,0.0,0.0
1175,1175.0,1175.0,1175.0,1175.0,1175.0,1175.0,2012-08-31 00:00:00+05:30,19.52789324573744,19.52789324573744,18.850971221923828,18.850971221923828,105,0.0,0.0
1176,1176.0,1176.0,1176.0,1176.0,1176.0,1176.0,2012-09-03 00:00:00+05:30,18.50822216663291,19.87920188903809,18.50822216663291,19.87920188903809,160,0.0,0.0
1177,1177.0,1177.0,1177.0,1177.0,1177.0,1177.0,2012-09-04 00:00:00+05:30,19.836360335263336,19.836360335263336,18.885244369506836,18.885244369506836,80,0.0,0.0
1178,1178.0,1178.0,1178.0,1178.0,1178.0,1178.0,2012-09-05 00:00:00+05:30,19.682124829320863,19.682124829320863,18.02838209871755,19.339380264282227,2150,0.0,0.0
1179,1179.0,1179.0,1179.0,1179.0,1179.0,1179.0,2012-09-06 00:00:00+05:30,18.868104934692383,18.868104934692383,18.868104934692383,18.868104934692383,50,0.0,0.0
1180,1180.0,1180.0,1180.0,1180.0,1180.0,1180.0,2012-09-07 00:00:00+05:30,18.5253583197846,19.879200299234075,18.5253583197846,19.827787399291992,4075,0.0,0.0
1181,1181.0,1181.0,1181.0,1181.0,1181.0,1181.0,2012-09-10 00:00:00+05:30,20.56469049946163,24.197785624913013,20.170534716035966,23.983570098876953,106470,0.0,0.0
1182,1182.0,1182.0,1182.0,1182.0,1182.0,1182.0,2012-09-11 00:00:00+05:30,23.59798222420918,27.419586277099228,22.35553156729424,25.405960083007812,81230,0.0,0.0
1183,1183.0,1183.0,1183.0,1183.0,1183.0,1183.0,2012-09-12 00:00:00+05:30,25.10606001528924,26.537019852583065,24.103531247432667,24.93468856811523,32885,0.0,0.0
1184,1184.0,1184.0,1184.0,1184.0,1184.0,1184.0,2012-09-13 00:00:00+05:30,25.166046671437662,25.166046671437662,22.12418450150146,22.792537689208984,14100,0.0,0.0
1185,1185.0,1185.0,1185.0,1185.0,1185.0,1185.0,2012-09-14 00:00:00+05:30,22.27841745890769,26.04861085585584,22.27841745890769,25.294572830200195,67470,0.0,0.0
1186,1186.0,1186.0,1186.0,1186.0,1186.0,1186.0,2012-09-17 00:00:00+05:30,24.849001740571147,25.53449079002539,23.992139611585937,24.763315200805664,5495,0.0,0.0
1187,1187.0,1187.0,1187.0,1187.0,1187.0,1187.0,2012-09-18 00:00:00+05:30,24.172080693775907,24.326316143716355,23.495160438779884,23.6579647064209,2070,0.0,0.0
1188,1188.0,1188.0,1188.0,1188.0,1188.0,1188.0,2012-09-20 00:00:00+05:30,24.65192649964467,24.65192649964467,22.792535414004767,23.46945571899414,4705,0.0,0.0
1189,1189.0,1189.0,1189.0,1189.0,1189.0,1189.0,2012-09-21 00:00:00+05:30,23.13527758696059,23.992139719810982,22.843944331044675,23.16098403930664,5475,0.0,0.0
1190,1190.0,1190.0,1190.0,1190.0,1190.0,1190.0,2012-09-24 00:00:00+05:30,22.46692317720387,23.992138269862792,20.39331687564949,22.90392303466797,2525,0.0,0.0
1191,1191.0,1191.0,1191.0,1191.0,1191.0,1191.0,2012-09-25 00:00:00+05:30,23.135280980941392,23.64939866294043,22.792536404387047,23.28951644897461,4845,0.0,0.0
1192,1192.0,1192.0,1192.0,1192.0,1192.0,1192.0,2012-09-26 00:00:00+05:30,22.58688833803056,23.615122007583302,22.535475428801703,23.032455444335938,1225,0.0,0.0
1193,1193.0,1193.0,1193.0,1193.0,1193.0,1193.0,2012-09-27 00:00:00+05:30,22.475494748407325,23.992141209993736,22.475494748407325,22.912494659423828,1355,0.0,0.0
1194,1194.0,1194.0,1194.0,1194.0,1194.0,1194.0,2012-09-28 00:00:00+05:30,22.72398597185272,23.86361263426531,22.286986053047674,22.783966064453125,1495,0.0,0.0
1195,1195.0,1195.0,1195.0,1195.0,1195.0,1195.0,2012-10-01 00:00:00+05:30,23.1352759901761,23.306649058652027,22.621158419083024,23.220962524414062,2895,0.0,0.0
1196,1196.0,1196.0,1196.0,1196.0,1196.0,1196.0,2012-10-03 00:00:00+05:30,23.983571530051385,23.992140347724327,23.058160467726843,23.28094482421875,10635,0.0,0.0
1197,1197.0,1197.0,1197.0,1197.0,1197.0,1197.0,2012-10-04 00:00:00+05:30,23.22953203415104,23.820765705925155,22.86108106997211,22.86964988708496,1340,0.0,0.0
1198,1198.0,1198.0,1198.0,1198.0,1198.0,1198.0,2012-10-05 00:00:00+05:30,22.878217030224626,23.478019475224727,22.878217030224626,23.229530334472656,925,0.0,0.0
1199,1199.0,1199.0,1199.0,1199.0,1199.0,1199.0,2012-10-08 00:00:00+05:30,22.621158202970484,23.992137834676058,22.509766853559608,22.861080169677734,4560,0.0,0.0
1200,1200.0,1200.0,1200.0,1200.0,1200.0,1200.0,2012-10-09 00:00:00+05:30,24.84900152511924,25.697294829339334,22.501199508176423,23.666532516479492,8800,0.0,0.0
1201,1201.0,1201.0,1201.0,1201.0,1201.0,1201.0,2012-10-10 00:00:00+05:30,24.317749257372373,25.191749120226213,23.73508431647148,24.771886825561523,19065,0.0,0.0
1202,1202.0,1202.0,1202.0,1202.0,1202.0,1202.0,2012-10-11 00:00:00+05:30,24.16351450617629,25.877238892874328,24.16351450617629,25.328845977783203,21875,0.0,0.0
1203,1203.0,1203.0,1203.0,1203.0,1203.0,1203.0,2012-10-12 00:00:00+05:30,25.70586305236712,26.374216080089177,25.534489978284103,25.697294235229492,17400,0.0,0.0
1204,1204.0,1204.0,1204.0,1204.0,1204.0,1204.0,2012-10-15 00:00:00+05:30,25.791551806531096,26.45133607383265,25.191747630014248,25.75727653503418,7985,0.0,0.0
1205,1205.0,1205.0,1205.0,1205.0,1205.0,1205.0,2012-10-16 00:00:00+05:30,25.71443358311657,26.905471460926645,25.62017822265625,25.62017822265625,17585,0.0,0.0
1206,1206.0,1206.0,1206.0,1206.0,1206.0,1206.0,2012-10-17 00:00:00+05:30,25.705863445602333,26.04860796467674,24.883276599823756,25.286001205444336,13325,0.0,0.0
1207,1207.0,1207.0,1207.0,1207.0,1207.0,1207.0,2012-10-18 00:00:00+05:30,25.30314092027619,25.705865559006725,25.114630193535795,25.645885467529297,1585,0.0,0.0
1208,1208.0,1208.0,1208.0,1208.0,1208.0,1208.0,2012-10-19 00:00:00+05:30,25.217450300474173,25.534488342583593,25.191743850708008,25.191743850708008,3005,0.0,0.0
1209,1209.0,1209.0,1209.0,1209.0,1209.0,1209.0,2012-10-22 00:00:00+05:30,26.374218448845568,28.2593142613917,25.04608109125464,27.24821662902832,13230,0.0,0.0
1210,1210.0,1210.0,1210.0,1210.0,1210.0,1210.0,2012-10-23 00:00:00+05:30,28.225036578081554,28.225036578081554,25.44880518675263,25.962921142578125,7055,0.0,0.0
1211,1211.0,1211.0,1211.0,1211.0,1211.0,1211.0,2012-10-25 00:00:00+05:30,25.19175136927613,26.219986786118067,24.849006775107195,25.20888900756836,1360,0.0,0.0
1212,1212.0,1212.0,1212.0,1212.0,1212.0,1212.0,2012-10-29 00:00:00+05:30,24.523393665319723,25.500215922160777,23.73508047938325,24.977529525756836,1765,0.0,0.0
1213,1213.0,1213.0,1213.0,1213.0,1213.0,1213.0,2012-10-30 00:00:00+05:30,24.52339504570897,24.84900193820572,24.000708619883703,24.84043312072754,555,0.0,0.0
1214,1214.0,1214.0,1214.0,1214.0,1214.0,1214.0,2012-10-31 00:00:00+05:30,24.163510993913174,24.76331346147284,24.07782446016617,24.27490234375,15445,0.0,0.0
1215,1215.0,1215.0,1215.0,1215.0,1215.0,1215.0,2012-11-01 00:00:00+05:30,24.677631716816663,25.705867052656945,24.677631716816663,25.11463165283203,7505,0.0,0.0
1216,1216.0,1216.0,1216.0,1216.0,1216.0,1216.0,2012-11-02 00:00:00+05:30,25.020372750579565,25.534488677978516,24.934686217901515,25.534488677978516,1240,0.0,0.0
1217,1217.0,1217.0,1217.0,1217.0,1217.0,1217.0,2012-11-05 00:00:00+05:30,24.506256417385018,27.41958723414609,23.82076575593051,25.525922775268555,2520,0.0,0.0
1218,1218.0,1218.0,1218.0,1218.0,1218.0,1218.0,2012-11-06 00:00:00+05:30,25.705867098362788,26.562729334974883,24.232064639750593,24.66049575805664,12605,0.0,0.0
1219,1219.0,1219.0,1219.0,1219.0,1219.0,1219.0,2012-11-07 00:00:00+05:30,25.46594186979045,25.46594186979045,24.334884121702615,24.591943740844727,3965,0.0,0.0
1220,1220.0,1220.0,1220.0,1220.0,1220.0,1220.0,2012-11-08 00:00:00+05:30,24.334887186291265,24.84900485498556,24.334887186291265,24.831867218017575,3375,0.0,0.0
1221,1221.0,1221.0,1221.0,1221.0,1221.0,1221.0,2012-11-09 00:00:00+05:30,24.50626029397286,24.763318311222484,23.9921426251386,24.66049575805664,3730,0.0,0.0
1222,1222.0,1222.0,1222.0,1222.0,1222.0,1222.0,2012-11-12 00:00:00+05:30,24.50625406002284,24.50625406002284,23.263803479258367,23.37519645690918,6470,0.0,0.0
1223,1223.0,1223.0,1223.0,1223.0,1223.0,1223.0,2012-11-15 00:00:00+05:30,23.992142196987125,23.992142196987125,23.31522025766277,23.46945571899414,1360,0.0,0.0
1224,1224.0,1224.0,1224.0,1224.0,1224.0,1224.0,2012-11-16 00:00:00+05:30,23.135279979342553,23.983573382464915,22.878221966639405,23.298084259033203,6805,0.0,0.0
1225,1225.0,1225.0,1225.0,1225.0,1225.0,1225.0,2012-11-19 00:00:00+05:30,23.13527920877332,24.64335686442837,22.406946017926433,24.38629722595215,2020,0.0,0.0
1226,1226.0,1226.0,1226.0,1226.0,1226.0,1226.0,2012-11-20 00:00:00+05:30,23.64939308166504,23.983568760647916,23.48658883334801,23.64939308166504,230,0.0,0.0
1227,1227.0,1227.0,1227.0,1227.0,1227.0,1227.0,2012-11-21 00:00:00+05:30,23.99213981628418,23.99213981628418,23.99213981628418,23.99213981628418,525,0.0,0.0
1228,1228.0,1228.0,1228.0,1228.0,1228.0,1228.0,2012-11-22 00:00:00+05:30,23.478024339073077,24.163515090942383,23.169555053350113,24.163515090942383,1325,0.0,0.0
1229,1229.0,1229.0,1229.0,1229.0,1229.0,1229.0,2012-11-23 00:00:00+05:30,23.99213723597422,23.99213723597422,23.152412824955437,23.30664825439453,1640,0.0,0.0
1230,1230.0,1230.0,1230.0,1230.0,1230.0,1230.0,2012-11-26 00:00:00+05:30,23.400904484626285,23.99213981628418,23.400904484626285,23.99213981628418,110,0.0,0.0
1231,1231.0,1231.0,1231.0,1231.0,1231.0,1231.0,2012-11-27 00:00:00+05:30,24.163511683988364,24.163511683988364,23.520865114034788,23.52943229675293,845,0.0,0.0
1232,1232.0,1232.0,1232.0,1232.0,1232.0,1232.0,2012-11-29 00:00:00+05:30,23.315215612921712,24.686195220782533,23.30664843063,24.13780403137207,3820,0.0,0.0
1233,1233.0,1233.0,1233.0,1233.0,1233.0,1233.0,2012-11-30 00:00:00+05:30,24.33488089868859,24.38629216197397,23.992136419561767,24.03497886657715,4745,0.0,0.0
1234,1234.0,1234.0,1234.0,1234.0,1234.0,1234.0,2012-12-03 00:00:00+05:30,23.64939518985297,24.33488424229255,23.349493116535097,23.443748474121097,1055,0.0,0.0
1235,1235.0,1235.0,1235.0,1235.0,1235.0,1235.0,2012-12-04 00:00:00+05:30,23.41804234441984,23.41804234441984,23.392335891723633,23.392335891723633,185,0.0,0.0
1236,1236.0,1236.0,1236.0,1236.0,1236.0,1236.0,2012-12-05 00:00:00+05:30,23.99214387265251,24.66049704032275,23.452321354625273,24.334888458251953,1115,0.0,0.0
1237,1237.0,1237.0,1237.0,1237.0,1237.0,1237.0,2012-12-06 00:00:00+05:30,23.64939587420269,25.140335832153664,23.64939587420269,24.394865036010746,6500,0.0,0.0
1238,1238.0,1238.0,1238.0,1238.0,1238.0,1238.0,2012-12-07 00:00:00+05:30,24.677627856839912,24.85756974791692,24.677627856839912,24.849000930786133,2295,0.0,0.0
1239,1239.0,1239.0,1239.0,1239.0,1239.0,1239.0,2012-12-10 00:00:00+05:30,24.849000930786133,25.191745444343816,24.334883343282225,24.849000930786133,14755,0.0,0.0
1240,1240.0,1240.0,1240.0,1240.0,1240.0,1240.0,2012-12-11 00:00:00+05:30,24.50625641722845,24.849000930786133,24.50625641722845,24.849000930786133,3140,0.0,0.0
1241,1241.0,1241.0,1241.0,1241.0,1241.0,1241.0,2012-12-12 00:00:00+05:30,25.191748483155912,26.219983782196948,25.191748483155912,25.87723922729492,5435,0.0,0.0
1242,1242.0,1242.0,1242.0,1242.0,1242.0,1242.0,2012-12-13 00:00:00+05:30,25.87723922697444,27.419590541181947,25.87723922697444,26.04861068725586,5355,0.0,0.0
1243,1243.0,1243.0,1243.0,1243.0,1243.0,1243.0,2012-12-14 00:00:00+05:30,25.70586553822561,26.7083943595898,25.70586553822561,25.92864990234375,3965,0.0,0.0
1244,1244.0,1244.0,1244.0,1244.0,1244.0,1244.0,2012-12-17 00:00:00+05:30,25.765842128566874,26.374215046826063,25.70586204528809,25.70586204528809,910,0.0,0.0
1245,1245.0,1245.0,1245.0,1245.0,1245.0,1245.0,2012-12-18 00:00:00+05:30,25.722999678891934,26.048606545691655,25.53448897791895,25.70586204528809,2285,0.0,0.0
1246,1246.0,1246.0,1246.0,1246.0,1246.0,1246.0,2012-12-19 00:00:00+05:30,25.705864614756784,27.419588922407236,25.380257715410536,26.768373489379883,7140,0.0,0.0
1247,1247.0,1247.0,1247.0,1247.0,1247.0,1247.0,2012-12-20 00:00:00+05:30,26.562726866573033,27.076844487631742,26.55415804888299,26.579864501953125,1140,0.0,0.0
1248,1248.0,1248.0,1248.0,1248.0,1248.0,1248.0,2012-12-21 00:00:00+05:30,27.042570327113676,27.076845599281043,26.665552139282227,26.665552139282227,2835,0.0,0.0
1249,1249.0,1249.0,1249.0,1249.0,1249.0,1249.0,2012-12-24 00:00:00+05:30,26.391352283637936,27.33390092969674,26.391352283637936,26.73409843444824,2055,0.0,0.0
1250,1250.0,1250.0,1250.0,1250.0,1250.0,1250.0,2012-12-26 00:00:00+05:30,26.73409583298955,27.239644558472243,26.57129159063039,26.802644729614254,1910,0.0,0.0
1251,1251.0,1251.0,1251.0,1251.0,1251.0,1251.0,2012-12-27 00:00:00+05:30,26.90547242280455,27.076845514434517,26.56272787387954,26.57129669189453,8680,0.0,0.0
1252,1252.0,1252.0,1252.0,1252.0,1252.0,1252.0,2012-12-28 00:00:00+05:30,27.162530767367286,27.162530767367286,25.191746844767746,25.560197830200195,2775,0.0,0.0
1253,1253.0,1253.0,1253.0,1253.0,1253.0,1253.0,2012-12-31 00:00:00+05:30,25.20888429987102,25.705864277189967,24.10353135147113,24.917551040649418,5915,0.0,0.0
1254,1254.0,1254.0,1254.0,1254.0,1254.0,1254.0,2013-01-01 00:00:00+05:30,25.27743541185597,25.27743541185597,24.677631205976244,25.260297775268555,725,0.0,0.0
1255,1255.0,1255.0,1255.0,1255.0,1255.0,1255.0,2013-01-02 00:00:00+05:30,25.70586519445444,27.07684499835899,25.294571743583543,26.888334274291992,6590,0.0,0.0
1256,1256.0,1256.0,1256.0,1256.0,1256.0,1256.0,2013-01-03 00:00:00+05:30,27.0768477285153,27.30820093083309,26.21998546896947,26.25425910949707,6170,0.0,0.0
1257,1257.0,1257.0,1257.0,1257.0,1257.0,1257.0,2013-01-04 00:00:00+05:30,27.136824687373817,27.136824687373817,26.562726974487305,26.562726974487305,2600,0.0,0.0
1258,1258.0,1258.0,1258.0,1258.0,1258.0,1258.0,2013-01-07 00:00:00+05:30,26.90546988130061,26.90546988130061,26.04860777276025,26.05717658996582,1945,0.0,0.0
1259,1259.0,1259.0,1259.0,1259.0,1259.0,1259.0,2013-01-08 00:00:00+05:30,25.971489273633335,26.9054690746889,25.971489273633335,26.314233779907227,2670,0.0,0.0
1260,1260.0,1260.0,1260.0,1260.0,1260.0,1260.0,2013-01-09 00:00:00+05:30,26.562727790051404,26.991158883439333,26.13429669666348,26.477041244506836,6320,0.0,0.0
1261,1261.0,1261.0,1261.0,1261.0,1261.0,1261.0,2013-01-10 00:00:00+05:30,26.391353851785468,27.59096218223152,26.391353851785468,27.411020278930664,56620,0.0,0.0
1262,1262.0,1262.0,1262.0,1262.0,1262.0,1262.0,2013-01-11 00:00:00+05:30,27.590960589359412,32.73213324817162,27.50527241717748,27.642370223999023,22735,0.0,0.0
1263,1263.0,1263.0,1263.0,1263.0,1263.0,1263.0,2013-01-14 00:00:00+05:30,30.67566709568522,33.16913604736328,29.458924301401694,33.16913604736328,207920,0.0,0.0
1264,1264.0,1264.0,1264.0,1264.0,1264.0,1264.0,2013-01-15 00:00:00+05:30,35.79970442418336,35.79970442418336,31.53253073213977,33.78607940673828,210740,0.0,0.0
1265,1265.0,1265.0,1265.0,1265.0,1265.0,1265.0,2013-01-16 00:00:00+05:30,34.00885694731194,34.00885694731194,31.883839245634384,33.134857177734375,32670,0.0,0.0
1266,1266.0,1266.0,1266.0,1266.0,1266.0,1266.0,2013-01-17 00:00:00+05:30,33.134863925778376,33.134863925778376,31.19835654531959,31.65249252319336,8720,0.0,0.0
1267,1267.0,1267.0,1267.0,1267.0,1267.0,1267.0,2013-01-18 00:00:00+05:30,31.618216410941994,32.56933070495729,30.889881581502856,32.363685607910156,20885,0.0,0.0
1268,1268.0,1268.0,1268.0,1268.0,1268.0,1268.0,2013-01-21 00:00:00+05:30,31.97810015313548,32.8521000743931,31.20692279065222,32.24372863769531,2015,0.0,0.0
1269,1269.0,1269.0,1269.0,1269.0,1269.0,1269.0,2013-01-22 00:00:00+05:30,31.70390296499882,32.04664916938575,31.189786927088484,31.4211368560791,7165,0.0,0.0
1270,1270.0,1270.0,1270.0,1270.0,1270.0,1270.0,2013-01-23 00:00:00+05:30,31.532530074729532,31.532530074729532,30.007316319164143,30.4957275390625,5090,0.0,0.0
1271,1271.0,1271.0,1271.0,1271.0,1271.0,1271.0,2013-01-24 00:00:00+05:30,30.67566270178968,30.847035776504164,30.367191821037515,30.504289627075195,10300,0.0,0.0
1272,1272.0,1272.0,1272.0,1272.0,1272.0,1272.0,2013-01-25 00:00:00+05:30,30.82990567016354,31.172651903283743,30.033023456528845,30.42717933654785,8250,0.0,0.0
1273,1273.0,1273.0,1273.0,1273.0,1273.0,1273.0,2013-01-28 00:00:00+05:30,31.189789261973235,32.90351387485813,31.10410107012681,31.121238708496097,8105,0.0,0.0
1274,1274.0,1274.0,1274.0,1274.0,1274.0,1274.0,2013-01-29 00:00:00+05:30,30.51286114435987,31.703898988789415,30.504290692556552,30.529998779296875,3945,0.0,0.0
1275,1275.0,1275.0,1275.0,1275.0,1275.0,1275.0,2013-01-30 00:00:00+05:30,30.161551078589028,31.018413306567865,29.15902057214539,29.73311996459961,4300,0.0,0.0
1276,1276.0,1276.0,1276.0,1276.0,1276.0,1276.0,2013-01-31 00:00:00+05:30,29.647431750786577,31.523962120122007,29.244708726737095,29.844512939453125,8080,0.0,0.0
1277,1277.0,1277.0,1277.0,1277.0,1277.0,1277.0,2013-02-01 00:00:00+05:30,30.675665700039307,30.675665700039307,29.1847273222384,29.647430419921875,12515,0.0,0.0
1278,1278.0,1278.0,1278.0,1278.0,1278.0,1278.0,2013-02-04 00:00:00+05:30,29.476058623843706,29.80166388029177,27.95084180745216,28.422115325927734,11955,0.0,0.0
1279,1279.0,1279.0,1279.0,1279.0,1279.0,1279.0,2013-02-05 00:00:00+05:30,28.27645208120201,29.613158265398148,27.890863444542557,29.004783630371097,5205,0.0,0.0
1280,1280.0,1280.0,1280.0,1280.0,1280.0,1280.0,2013-02-06 00:00:00+05:30,29.270411950803357,29.270411950803357,29.13331413269043,29.13331413269043,1325,0.0,0.0
1281,1281.0,1281.0,1281.0,1281.0,1281.0,1281.0,2013-02-07 00:00:00+05:30,28.627765655517575,30.332922852926153,27.419590097589342,28.627765655517575,3220,0.0,0.0
1282,1282.0,1282.0,1282.0,1282.0,1282.0,1282.0,2013-02-08 00:00:00+05:30,29.133309182295715,29.21899407830535,27.933701026145247,28.76485824584961,175975,0.0,0.0
1283,1283.0,1283.0,1283.0,1283.0,1283.0,1283.0,2013-02-11 00:00:00+05:30,28.27644850035732,29.04762567601665,27.590959493476483,27.95083999633789,595,0.0,0.0
1284,1284.0,1284.0,1284.0,1284.0,1284.0,1284.0,2013-02-12 00:00:00+05:30,27.93370847602905,28.105081582422567,27.428159609936746,27.762338638305664,2515,0.0,0.0
1285,1285.0,1285.0,1285.0,1285.0,1285.0,1285.0,2013-02-13 00:00:00+05:30,28.790568595356444,30.504292994334083,27.590963477274027,28.34500312805176,9045,0.0,0.0
1286,1286.0,1286.0,1286.0,1286.0,1286.0,1286.0,2013-02-14 00:00:00+05:30,27.762339816835905,28.953377890392527,26.562731289827212,27.453868865966797,4580,0.0,0.0
1287,1287.0,1287.0,1287.0,1287.0,1287.0,1287.0,2013-02-15 00:00:00+05:30,27.590962085073848,27.753764718040777,26.031471587852483,27.14539337158203,3380,0.0,0.0
1288,1288.0,1288.0,1288.0,1288.0,1288.0,1288.0,2013-02-18 00:00:00+05:30,27.37674963813958,27.419592097057212,24.394867755489972,24.968965530395508,7770,0.0,0.0
1289,1289.0,1289.0,1289.0,1289.0,1289.0,1289.0,2013-02-19 00:00:00+05:30,24.334884422737343,25.183177744297033,23.99213989397608,24.65192413330078,720,0.0,0.0
1290,1290.0,1290.0,1290.0,1290.0,1290.0,1290.0,2013-02-20 00:00:00+05:30,24.84900501070924,25.02037811279297,24.334887338793077,25.02037811279297,435,0.0,0.0
1291,1291.0,1291.0,1291.0,1291.0,1291.0,1291.0,2013-02-21 00:00:00+05:30,25.705860309401945,26.048604786660384,25.3631158321435,25.500213623046875,870,0.0,0.0
1292,1292.0,1292.0,1292.0,1292.0,1292.0,1292.0,2013-02-22 00:00:00+05:30,25.525922076946543,26.048606832950544,24.84900025114168,25.594470977783203,770,0.0,0.0
1293,1293.0,1293.0,1293.0,1293.0,1293.0,1293.0,2013-02-25 00:00:00+05:30,25.19174626529827,25.19174626529827,22.981042037889814,24.763315200805664,880,0.0,0.0
1294,1294.0,1294.0,1294.0,1294.0,1294.0,1294.0,2013-02-26 00:00:00+05:30,24.334888458251953,24.506261568219227,24.334888458251953,24.334888458251953,745,0.0,0.0
1295,1295.0,1295.0,1295.0,1295.0,1295.0,1295.0,2013-02-27 00:00:00+05:30,25.36312346861173,25.705868049065582,24.334888092915076,25.217456817626953,2760,0.0,0.0
1296,1296.0,1296.0,1296.0,1296.0,1296.0,1296.0,2013-02-28 00:00:00+05:30,24.849000930786133,24.849000930786133,24.763314393813022,24.849000930786133,660,0.0,0.0
1297,1297.0,1297.0,1297.0,1297.0,1297.0,1297.0,2013-03-01 00:00:00+05:30,24.849005422817388,26.99116106271544,24.849005422817388,26.27139663696289,2425,0.0,0.0
1298,1298.0,1298.0,1298.0,1298.0,1298.0,1298.0,2013-03-04 00:00:00+05:30,25.740140015211416,26.53702044944668,25.70586474440481,25.73157119750977,3675,0.0,0.0
1299,1299.0,1299.0,1299.0,1299.0,1299.0,1299.0,2013-03-05 00:00:00+05:30,25.73157119750977,25.73157119750977,25.73157119750977,25.73157119750977,0,0.0,0.0
1300,1300.0,1300.0,1300.0,1300.0,1300.0,1300.0,2013-03-06 00:00:00+05:30,25.714433631744832,26.562726974487305,25.714433631744832,26.562726974487305,255,0.0,0.0
1301,1301.0,1301.0,1301.0,1301.0,1301.0,1301.0,2013-03-07 00:00:00+05:30,26.39135388865989,27.153962322823528,26.04860935133993,26.562726974487305,15275,0.0,0.0
1302,1302.0,1302.0,1302.0,1302.0,1302.0,1302.0,2013-03-08 00:00:00+05:30,27.153960268229486,27.153960268229486,24.58337398132992,26.185705184936523,2565,0.0,0.0
1303,1303.0,1303.0,1303.0,1303.0,1303.0,1303.0,2013-03-11 00:00:00+05:30,26.494178794540737,27.676647889348345,26.494178794540737,27.43672752380371,4140,0.0,0.0
1304,1304.0,1304.0,1304.0,1304.0,1304.0,1304.0,2013-03-12 00:00:00+05:30,27.41958871578883,27.719489159899897,27.07684418370844,27.42815589904785,1415,0.0,0.0
1305,1305.0,1305.0,1305.0,1305.0,1305.0,1305.0,2013-03-13 00:00:00+05:30,27.308198354378867,27.985118625700256,27.24821662902832,27.24821662902832,1085,0.0,0.0
1306,1306.0,1306.0,1306.0,1306.0,1306.0,1306.0,2013-03-14 00:00:00+05:30,26.93118004961191,26.93118004961191,26.048611367654058,26.091455459594727,975,0.0,0.0
1307,1307.0,1307.0,1307.0,1307.0,1307.0,1307.0,2013-03-15 00:00:00+05:30,26.0571756175761,27.033997861872383,26.0571756175761,27.02543067932129,370,0.0,0.0
1308,1308.0,1308.0,1308.0,1308.0,1308.0,1308.0,2013-03-18 00:00:00+05:30,27.411020278930664,27.411020278930664,27.411020278930664,27.411020278930664,110,0.0,0.0
1309,1309.0,1309.0,1309.0,1309.0,1309.0,1309.0,2013-03-19 00:00:00+05:30,26.074318923123183,27.72806335211417,26.048612466874,26.72553443908691,11755,0.0,0.0
1310,1310.0,1310.0,1310.0,1310.0,1310.0,1310.0,2013-03-20 00:00:00+05:30,26.905472463593647,28.225039387539148,24.874709986674976,27.40245246887207,2315,0.0,0.0
1311,1311.0,1311.0,1311.0,1311.0,1311.0,1311.0,2013-03-21 00:00:00+05:30,26.562724478047883,27.359606473882874,25.020373387895116,27.00829315185547,3585,0.0,0.0
1312,1312.0,1312.0,1312.0,1312.0,1312.0,1312.0,2013-03-22 00:00:00+05:30,27.676645982083414,27.676645982083414,26.562725873385062,27.32533264160156,10960,0.0,0.0
1313,1313.0,1313.0,1313.0,1313.0,1313.0,1313.0,2013-03-25 00:00:00+05:30,26.896903714755,26.896903714755,25.70586578949555,26.55415916442871,126915,0.0,0.0
1314,1314.0,1314.0,1314.0,1314.0,1314.0,1314.0,2013-03-26 00:00:00+05:30,27.076848083462703,27.076848083462703,25.363123541906013,26.031475067138672,6445,0.0,0.0
1315,1315.0,1315.0,1315.0,1315.0,1315.0,1315.0,2013-03-28 00:00:00+05:30,25.705866132358075,26.905472891667795,25.705866132358075,26.04861068725586,1640,0.0,0.0
1316,1316.0,1316.0,1316.0,1316.0,1316.0,1316.0,2013-04-01 00:00:00+05:30,26.04003772888973,26.04003772888973,25.70586204528809,25.70586204528809,155,0.0,0.0
1317,1317.0,1317.0,1317.0,1317.0,1317.0,1317.0,2013-04-02 00:00:00+05:30,25.70586679354905,26.374219918541925,25.431671142578125,25.431671142578125,260,0.0,0.0
1318,1318.0,1318.0,1318.0,1318.0,1318.0,1318.0,2013-04-03 00:00:00+05:30,25.397390828845413,25.534488627123377,24.360588525076484,25.080352783203125,2505,0.0,0.0
1319,1319.0,1319.0,1319.0,1319.0,1319.0,1319.0,2013-04-04 00:00:00+05:30,25.705863032011955,25.705863032011955,21.61006160055087,25.525922775268555,10620,0.0,0.0
1320,1320.0,1320.0,1320.0,1320.0,1320.0,1320.0,2013-04-05 00:00:00+05:30,25.38025517848837,25.70586204528809,24.000706725737473,25.70586204528809,4695,0.0,0.0
1321,1321.0,1321.0,1321.0,1321.0,1321.0,1321.0,2013-04-08 00:00:00+05:30,25.705867052656945,26.04861161982537,24.891847275588805,25.11463165283203,925,0.0,0.0
1322,1322.0,1322.0,1322.0,1322.0,1322.0,1322.0,2013-04-09 00:00:00+05:30,25.70586479050704,25.70586479050704,24.677629545152808,25.054649353027344,770,0.0,0.0
1323,1323.0,1323.0,1323.0,1323.0,1323.0,1323.0,2013-04-10 00:00:00+05:30,24.849001541701785,26.69125477740927,24.172079680740243,24.68619728088379,2025,0.0,0.0
1324,1324.0,1324.0,1324.0,1324.0,1324.0,1324.0,2013-04-11 00:00:00+05:30,25.70586204528809,25.877235112657218,24.694764543346537,25.70586204528809,2535,0.0,0.0
1325,1325.0,1325.0,1325.0,1325.0,1325.0,1325.0,2013-04-12 00:00:00+05:30,26.04860805754824,26.477039116502436,24.73761006312266,25.097492218017575,14060,0.0,0.0
1326,1326.0,1326.0,1326.0,1326.0,1326.0,1326.0,2013-04-15 00:00:00+05:30,25.791557259127448,26.459908851264625,25.226028234548956,25.320281982421875,1350,0.0,0.0
1327,1327.0,1327.0,1327.0,1327.0,1327.0,1327.0,2013-04-16 00:00:00+05:30,25.02037242193754,26.39135038943988,25.02037242193754,25.191743850708008,8110,0.0,0.0
1328,1328.0,1328.0,1328.0,1328.0,1328.0,1328.0,2013-04-17 00:00:00+05:30,25.191743850708008,25.191743850708008,25.191743850708008,25.191743850708008,0,0.0,0.0
1329,1329.0,1329.0,1329.0,1329.0,1329.0,1329.0,2013-04-18 00:00:00+05:30,26.3742192404866,26.391355242480486,25.191748483155912,25.87723922729492,750,0.0,0.0
1330,1330.0,1330.0,1330.0,1330.0,1330.0,1330.0,2013-04-22 00:00:00+05:30,25.70586204528809,25.70586204528809,25.70586204528809,25.70586204528809,5,0.0,0.0
1331,1331.0,1331.0,1331.0,1331.0,1331.0,1331.0,2013-04-23 00:00:00+05:30,25.70586204528809,25.70586204528809,25.70586204528809,25.70586204528809,0,0.0,0.0
1332,1332.0,1332.0,1332.0,1332.0,1332.0,1332.0,2013-04-25 00:00:00+05:30,25.70586204528809,25.70586204528809,25.70586204528809,25.70586204528809,0,0.0,0.0
1333,1333.0,1333.0,1333.0,1333.0,1333.0,1333.0,2013-04-26 00:00:00+05:30,25.70586204528809,25.70586204528809,25.70586204528809,25.70586204528809,0,0.0,0.0
1334,1334.0,1334.0,1334.0,1334.0,1334.0,1334.0,2013-04-29 00:00:00+05:30,24.549097926383183,25.70586204528809,24.549097926383183,25.70586204528809,645,0.0,0.0
1335,1335.0,1335.0,1335.0,1335.0,1335.0,1335.0,2013-04-30 00:00:00+05:30,25.69729599629511,26.562726974487305,25.69729599629511,26.562726974487305,61365,0.0,0.0
1336,1336.0,1336.0,1336.0,1336.0,1336.0,1336.0,2013-05-02 00:00:00+05:30,25.70586580047055,26.55415917576589,24.89184606305501,25.328845977783203,1610,0.0,0.0
1337,1337.0,1337.0,1337.0,1337.0,1337.0,1337.0,2013-05-03 00:00:00+05:30,24.848999635733563,25.705861692138168,24.848999635733563,25.080352783203125,575,0.0,0.0
1338,1338.0,1338.0,1338.0,1338.0,1338.0,1338.0,2013-05-06 00:00:00+05:30,25.92864990234375,25.92864990234375,25.92864990234375,25.92864990234375,150,0.0,0.0
1339,1339.0,1339.0,1339.0,1339.0,1339.0,1339.0,2013-05-07 00:00:00+05:30,26.71696192953777,26.71696192953777,25.363119806472746,26.14286422729492,225210,0.0,0.0
1340,1340.0,1340.0,1340.0,1340.0,1340.0,1340.0,2013-05-08 00:00:00+05:30,26.562725991144895,26.562725991144895,24.7718840113177,25.611608505249023,1435,0.0,0.0
1341,1341.0,1341.0,1341.0,1341.0,1341.0,1341.0,2013-05-09 00:00:00+05:30,24.986099548090415,25.697295049707243,24.75474638104601,25.046079635620117,6685,0.0,0.0
1342,1342.0,1342.0,1342.0,1342.0,1342.0,1342.0,2013-05-10 00:00:00+05:30,25.500215701955273,25.500215701955273,24.60907835409865,24.617647171020508,1510,0.0,0.0
1343,1343.0,1343.0,1343.0,1343.0,1343.0,1343.0,2013-05-13 00:00:00+05:30,24.951827921282156,26.734101227492673,24.35202372903436,25.02894401550293,156800,0.0,0.0
1344,1344.0,1344.0,1344.0,1344.0,1344.0,1344.0,2013-05-14 00:00:00+05:30,24.840430542243706,25.191743850708008,24.840430542243706,25.191743850708008,595,0.0,0.0
1345,1345.0,1345.0,1345.0,1345.0,1345.0,1345.0,2013-05-15 00:00:00+05:30,25.354550397762885,26.297099061693643,25.354550397762885,25.74013900756836,3040,0.0,0.0
1346,1346.0,1346.0,1346.0,1346.0,1346.0,1346.0,2013-05-16 00:00:00+05:30,25.183182202056905,25.354555313940285,24.84900643165295,24.883281707763672,7970,0.0,0.0
1347,1347.0,1347.0,1347.0,1347.0,1347.0,1347.0,2013-05-17 00:00:00+05:30,24.883281707763672,24.883281707763672,24.883281707763672,24.883281707763672,0,0.0,0.0
1348,1348.0,1348.0,1348.0,1348.0,1348.0,1348.0,2013-05-20 00:00:00+05:30,25.654452187513243,25.654452187513243,24.56623690893447,24.60907936096191,3330,0.0,0.0
1349,1349.0,1349.0,1349.0,1349.0,1349.0,1349.0,2013-05-21 00:00:00+05:30,25.18317662721303,25.21745189573618,24.660491856913097,24.849000930786133,2855,0.0,0.0
1350,1350.0,1350.0,1350.0,1350.0,1350.0,1350.0,2013-05-22 00:00:00+05:30,25.363121032714844,25.363121032714844,25.363121032714844,25.363121032714844,20,0.0,0.0
1351,1351.0,1351.0,1351.0,1351.0,1351.0,1351.0,2013-05-23 00:00:00+05:30,24.51482859544246,24.849004337686218,24.017848574062135,24.806161880493164,2555,0.0,0.0
1352,1352.0,1352.0,1352.0,1352.0,1352.0,1352.0,2013-05-24 00:00:00+05:30,24.06925656877986,25.697294235229492,24.06925656877986,25.697294235229492,80,0.0,0.0
1353,1353.0,1353.0,1353.0,1353.0,1353.0,1353.0,2013-05-27 00:00:00+05:30,25.671591824417497,25.671591824417497,24.531965115096813,24.66049575805664,935,0.0,0.0
1354,1354.0,1354.0,1354.0,1354.0,1354.0,1354.0,2013-05-28 00:00:00+05:30,24.506258366652983,24.506258366652983,23.82076765067342,23.88931655883789,3025,0.0,0.0
1355,1355.0,1355.0,1355.0,1355.0,1355.0,1355.0,2013-05-29 00:00:00+05:30,24.67762846389725,24.67762846389725,23.829335159098857,23.83790397644043,10840,0.0,0.0
1356,1356.0,1356.0,1356.0,1356.0,1356.0,1356.0,2013-05-30 00:00:00+05:30,24.163513803305836,24.163513803305836,24.000709533691406,24.000709533691406,905,0.0,0.0
1357,1357.0,1357.0,1357.0,1357.0,1357.0,1357.0,2013-05-31 00:00:00+05:30,24.163515090942383,24.163515090942383,24.163515090942383,24.163515090942383,510,0.0,0.0
1358,1358.0,1358.0,1358.0,1358.0,1358.0,1358.0,2013-06-03 00:00:00+05:30,24.163515090942383,24.163515090942383,24.163515090942383,24.163515090942383,0,0.0,0.0
1359,1359.0,1359.0,1359.0,1359.0,1359.0,1359.0,2013-06-04 00:00:00+05:30,23.99214199439131,24.163515090942383,23.99214199439131,24.163515090942383,400,0.0,0.0
1360,1360.0,1360.0,1360.0,1360.0,1360.0,1360.0,2013-06-05 00:00:00+05:30,24.163515090942383,24.163515090942383,24.163515090942383,24.163515090942383,0,0.0,0.0
1361,1361.0,1361.0,1361.0,1361.0,1361.0,1361.0,2013-06-06 00:00:00+05:30,24.66906457654296,24.66906457654296,24.591946844501074,24.66049575805664,550,0.0,0.0
1362,1362.0,1362.0,1362.0,1362.0,1362.0,1362.0,2013-06-07 00:00:00+05:30,25.354553142164363,25.354553142164363,23.70080880118324,25.260297775268555,60,0.0,0.0
1363,1363.0,1363.0,1363.0,1363.0,1363.0,1363.0,2013-06-10 00:00:00+05:30,25.191743850708008,25.191743850708008,25.191743850708008,25.191743850708008,220,0.0,0.0
1364,1364.0,1364.0,1364.0,1364.0,1364.0,1364.0,2013-06-11 00:00:00+05:30,24.523393737557814,25.08892258627216,24.33488303176321,24.506256103515625,1610,0.0,0.0
1365,1365.0,1365.0,1365.0,1365.0,1365.0,1365.0,2013-06-12 00:00:00+05:30,24.334888458251953,24.334888458251953,24.334888458251953,24.334888458251953,280,0.0,0.0
1366,1366.0,1366.0,1366.0,1366.0,1366.0,1366.0,2013-06-13 00:00:00+05:30,24.334884343935563,24.334884343935563,23.99213981628418,23.99213981628418,235,0.0,0.0
1367,1367.0,1367.0,1367.0,1367.0,1367.0,1367.0,2013-06-14 00:00:00+05:30,24.67763328552246,24.67763328552246,24.67763328552246,24.67763328552246,20,0.0,0.0
1368,1368.0,1368.0,1368.0,1368.0,1368.0,1368.0,2013-06-17 00:00:00+05:30,24.02641508621673,24.02641508621673,23.975002181317905,23.99213981628418,1525,0.0,0.0
1369,1369.0,1369.0,1369.0,1369.0,1369.0,1369.0,2013-06-18 00:00:00+05:30,23.99213981628418,23.99213981628418,23.99213981628418,23.99213981628418,1250,0.0,0.0
1370,1370.0,1370.0,1370.0,1370.0,1370.0,1370.0,2013-06-19 00:00:00+05:30,24.67763190862551,25.02037811279297,24.67763190862551,25.02037811279297,120,0.0,0.0
1371,1371.0,1371.0,1371.0,1371.0,1371.0,1371.0,2013-06-20 00:00:00+05:30,23.829337368467293,24.66906356811523,23.82076855033125,24.66906356811523,835,0.0,0.0
1372,1372.0,1372.0,1372.0,1372.0,1372.0,1372.0,2013-06-21 00:00:00+05:30,24.17208189247822,24.506259262032792,24.009279251098633,24.009279251098633,850,0.0,0.0
1373,1373.0,1373.0,1373.0,1373.0,1373.0,1373.0,2013-06-24 00:00:00+05:30,24.163515090942383,24.163515090942383,24.163515090942383,24.163515090942383,505,0.0,0.0
1374,1374.0,1374.0,1374.0,1374.0,1374.0,1374.0,2013-06-25 00:00:00+05:30,24.16351381018036,25.0118071610418,24.16351381018036,24.172080993652344,1015,0.0,0.0
1375,1375.0,1375.0,1375.0,1375.0,1375.0,1375.0,2013-06-26 00:00:00+05:30,24.67762640415616,24.75474411945884,24.086392765948503,24.13780403137207,1295,0.0,0.0
1376,1376.0,1376.0,1376.0,1376.0,1376.0,1376.0,2013-06-27 00:00:00+05:30,24.66049471962183,24.66049471962183,24.009279251098633,24.009279251098633,1160,0.0,0.0
1377,1377.0,1377.0,1377.0,1377.0,1377.0,1377.0,2013-06-28 00:00:00+05:30,24.60051196022109,24.60051196022109,24.017847061157227,24.017847061157227,1250,0.0,0.0
1378,1378.0,1378.0,1378.0,1378.0,1378.0,1378.0,2013-07-01 00:00:00+05:30,23.99213981628418,23.99213981628418,23.99213981628418,23.99213981628418,440,0.0,0.0
1379,1379.0,1379.0,1379.0,1379.0,1379.0,1379.0,2013-07-02 00:00:00+05:30,24.163512986971547,24.163512986971547,23.992139905342313,24.086395263671875,1015,0.0,0.0
1380,1380.0,1380.0,1380.0,1380.0,1380.0,1380.0,2013-07-03 00:00:00+05:30,24.163515719616512,25.68872945439639,23.992142618606746,24.831867218017575,1065,0.0,0.0
1381,1381.0,1381.0,1381.0,1381.0,1381.0,1381.0,2013-07-04 00:00:00+05:30,24.34345128981448,24.34345128981448,23.14384471809692,23.520864486694336,1100,0.0,0.0
1382,1382.0,1382.0,1382.0,1382.0,1382.0,1382.0,2013-07-05 00:00:00+05:30,24.163510642331932,24.163510642331932,23.64939308166504,23.64939308166504,3065,0.0,0.0
1383,1383.0,1383.0,1383.0,1383.0,1383.0,1383.0,2013-07-08 00:00:00+05:30,23.99213981628418,23.99213981628418,23.99213981628418,23.99213981628418,250,0.0,0.0
1384,1384.0,1384.0,1384.0,1384.0,1384.0,1384.0,2013-07-09 00:00:00+05:30,23.99213981628418,23.99213981628418,23.99213981628418,23.99213981628418,4940,0.0,0.0
1385,1385.0,1385.0,1385.0,1385.0,1385.0,1385.0,2013-07-10 00:00:00+05:30,23.99213981628418,23.99213981628418,23.99213981628418,23.99213981628418,0,0.0,0.0
1386,1386.0,1386.0,1386.0,1386.0,1386.0,1386.0,2013-07-11 00:00:00+05:30,23.99213981628418,23.99213981628418,23.99213981628418,23.99213981628418,240000,0.0,0.0
1387,1387.0,1387.0,1387.0,1387.0,1387.0,1387.0,2013-07-12 00:00:00+05:30,23.99213981628418,23.99213981628418,23.99213981628418,23.99213981628418,0,0.0,0.0
1388,1388.0,1388.0,1388.0,1388.0,1388.0,1388.0,2013-07-15 00:00:00+05:30,23.99213981628418,23.99213981628418,22.278415543692457,23.99213981628418,535,0.0,0.0
1389,1389.0,1389.0,1389.0,1389.0,1389.0,1389.0,2013-07-16 00:00:00+05:30,23.99213981628418,23.99213981628418,23.99213981628418,23.99213981628418,0,0.0,0.0
1390,1390.0,1390.0,1390.0,1390.0,1390.0,1390.0,2013-07-17 00:00:00+05:30,23.99213981628418,23.99213981628418,23.99213981628418,23.99213981628418,0,0.0,0.0
1391,1391.0,1391.0,1391.0,1391.0,1391.0,1391.0,2013-07-18 00:00:00+05:30,23.99213981628418,23.99213981628418,23.99213981628418,23.99213981628418,0,0.0,0.0
1392,1392.0,1392.0,1392.0,1392.0,1392.0,1392.0,2013-07-19 00:00:00+05:30,23.99213981628418,23.99213981628418,23.99213981628418,23.99213981628418,0,0.0,0.0
1393,1393.0,1393.0,1393.0,1393.0,1393.0,1393.0,2013-07-22 00:00:00+05:30,23.99213981628418,23.99213981628418,23.99213981628418,23.99213981628418,0,0.0,0.0
1394,1394.0,1394.0,1394.0,1394.0,1394.0,1394.0,2013-07-23 00:00:00+05:30,23.99213981628418,23.99213981628418,23.99213981628418,23.99213981628418,0,0.0,0.0
1395,1395.0,1395.0,1395.0,1395.0,1395.0,1395.0,2013-07-24 00:00:00+05:30,23.99213981628418,23.99213981628418,23.98357099880104,23.99213981628418,1500,0.0,0.0
1396,1396.0,1396.0,1396.0,1396.0,1396.0,1396.0,2013-07-25 00:00:00+05:30,23.99213981628418,23.99213981628418,23.99213981628418,23.99213981628418,500,0.0,0.0
1397,1397.0,1397.0,1397.0,1397.0,1397.0,1397.0,2013-07-26 00:00:00+05:30,23.99213981628418,23.99213981628418,23.99213981628418,23.99213981628418,250,0.0,0.0
1398,1398.0,1398.0,1398.0,1398.0,1398.0,1398.0,2013-07-29 00:00:00+05:30,24.880735397338867,24.880735397338867,24.880735397338867,24.880735397338867,1235,1.0,0.0
1399,1399.0,1399.0,1399.0,1399.0,1399.0,1399.0,2013-07-30 00:00:00+05:30,24.880735397338867,24.880735397338867,24.880735397338867,24.880735397338867,750,0.0,0.0
1400,1400.0,1400.0,1400.0,1400.0,1400.0,1400.0,2013-07-31 00:00:00+05:30,24.880735397338867,24.880735397338867,24.880735397338867,24.880735397338867,0,0.0,0.0
1401,1401.0,1401.0,1401.0,1401.0,1401.0,1401.0,2013-08-01 00:00:00+05:30,24.880735397338867,24.880735397338867,24.880735397338867,24.880735397338867,0,0.0,0.0
1402,1402.0,1402.0,1402.0,1402.0,1402.0,1402.0,2013-08-02 00:00:00+05:30,24.880735397338867,24.880735397338867,24.880735397338867,24.880735397338867,0,0.0,0.0
1403,1403.0,1403.0,1403.0,1403.0,1403.0,1403.0,2013-08-05 00:00:00+05:30,24.880735397338867,24.880735397338867,24.880735397338867,24.880735397338867,0,0.0,0.0
1404,1404.0,1404.0,1404.0,1404.0,1404.0,1404.0,2013-08-06 00:00:00+05:30,24.880735397338867,24.880735397338867,23.11242619212615,24.880735397338867,1000,0.0,0.0
1405,1405.0,1405.0,1405.0,1405.0,1405.0,1405.0,2013-08-07 00:00:00+05:30,24.880735397338867,24.880735397338867,24.880735397338867,24.880735397338867,0,0.0,0.0
1406,1406.0,1406.0,1406.0,1406.0,1406.0,1406.0,2013-08-08 00:00:00+05:30,24.880735397338867,24.880735397338867,24.86296303671588,24.880735397338867,2000,0.0,0.0
1407,1407.0,1407.0,1407.0,1407.0,1407.0,1407.0,2013-08-12 00:00:00+05:30,24.68524742126465,24.68524742126465,24.68524742126465,24.68524742126465,200,0.0,0.0
1408,1408.0,1408.0,1408.0,1408.0,1408.0,1408.0,2013-08-13 00:00:00+05:30,24.68524742126465,24.70301808911417,24.68524742126465,24.68524742126465,1585,0.0,0.0
1409,1409.0,1409.0,1409.0,1409.0,1409.0,1409.0,2013-08-14 00:00:00+05:30,24.68524742126465,24.68524742126465,24.68524742126465,24.68524742126465,0,0.0,0.0
1410,1410.0,1410.0,1410.0,1410.0,1410.0,1410.0,2013-08-16 00:00:00+05:30,24.68524742126465,24.68524742126465,24.68524742126465,24.68524742126465,0,0.0,0.0
1411,1411.0,1411.0,1411.0,1411.0,1411.0,1411.0,2013-08-19 00:00:00+05:30,24.68524742126465,24.68524742126465,24.68524742126465,24.68524742126465,0,0.0,0.0
1412,1412.0,1412.0,1412.0,1412.0,1412.0,1412.0,2013-08-20 00:00:00+05:30,24.68524742126465,24.68524742126465,24.68524742126465,24.68524742126465,0,0.0,0.0
1413,1413.0,1413.0,1413.0,1413.0,1413.0,1413.0,2013-08-21 00:00:00+05:30,24.68524742126465,24.68524742126465,24.68524742126465,24.68524742126465,0,0.0,0.0
1414,1414.0,1414.0,1414.0,1414.0,1414.0,1414.0,2013-08-22 00:00:00+05:30,23.10354232788086,23.10354232788086,23.10354232788086,23.10354232788086,1250,0.0,0.0
1415,1415.0,1415.0,1415.0,1415.0,1415.0,1415.0,2013-08-23 00:00:00+05:30,23.10354232788086,23.10354232788086,23.10354232788086,23.10354232788086,0,0.0,0.0
1416,1416.0,1416.0,1416.0,1416.0,1416.0,1416.0,2013-08-26 00:00:00+05:30,25.502756118774418,25.502756118774418,25.493869937885016,25.502756118774418,4235,0.0,0.0
1417,1417.0,1417.0,1417.0,1417.0,1417.0,1417.0,2013-08-27 00:00:00+05:30,23.992137908935547,23.992137908935547,23.992137908935547,23.992137908935547,250,0.0,0.0
1418,1418.0,1418.0,1418.0,1418.0,1418.0,1418.0,2013-08-28 00:00:00+05:30,24.880735397338867,24.880735397338867,24.880735397338867,24.880735397338867,145,0.0,0.0
1419,1419.0,1419.0,1419.0,1419.0,1419.0,1419.0,2013-08-29 00:00:00+05:30,24.880735397338867,24.880735397338867,24.880735397338867,24.880735397338867,250,0.0,0.0
1420,1420.0,1420.0,1420.0,1420.0,1420.0,1420.0,2013-08-30 00:00:00+05:30,24.880735397338867,24.880735397338867,24.880735397338867,24.880735397338867,0,0.0,0.0
1421,1421.0,1421.0,1421.0,1421.0,1421.0,1421.0,2013-09-02 00:00:00+05:30,24.880735397338867,24.880735397338867,24.880735397338867,24.880735397338867,0,0.0,0.0
1422,1422.0,1422.0,1422.0,1422.0,1422.0,1422.0,2013-09-03 00:00:00+05:30,25.236177444458008,26.569074158371627,25.236177444458008,25.236177444458008,30,0.0,0.0
1423,1423.0,1423.0,1423.0,1423.0,1423.0,1423.0,2013-09-04 00:00:00+05:30,23.458980560302734,23.458980560302734,23.28126202495493,23.458980560302734,4550,0.0,0.0
1424,1424.0,1424.0,1424.0,1424.0,1424.0,1424.0,2013-09-05 00:00:00+05:30,23.458980560302734,23.458980560302734,23.458980560302734,23.458980560302734,0,0.0,0.0
1425,1425.0,1425.0,1425.0,1425.0,1425.0,1425.0,2013-09-06 00:00:00+05:30,23.992137908935547,23.992137908935547,23.992137908935547,23.992137908935547,500,0.0,0.0
1426,1426.0,1426.0,1426.0,1426.0,1426.0,1426.0,2013-09-10 00:00:00+05:30,25.19174575805664,25.19174575805664,25.173973396848613,25.19174575805664,160,0.0,0.0
1427,1427.0,1427.0,1427.0,1427.0,1427.0,1427.0,2013-09-11 00:00:00+05:30,25.236177444458008,25.236177444458008,25.236177444458008,25.236177444458008,500,0.0,0.0
1428,1428.0,1428.0,1428.0,1428.0,1428.0,1428.0,2013-09-12 00:00:00+05:30,25.236177444458008,25.236177444458008,25.236177444458008,25.236177444458008,0,0.0,0.0
1429,1429.0,1429.0,1429.0,1429.0,1429.0,1429.0,2013-09-13 00:00:00+05:30,25.236177444458008,25.236177444458008,25.236177444458008,25.236177444458008,0,0.0,0.0
1430,1430.0,1430.0,1430.0,1430.0,1430.0,1430.0,2013-09-16 00:00:00+05:30,25.760448455810547,25.760448455810547,25.760448455810547,25.760448455810547,490,0.0,0.0
1431,1431.0,1431.0,1431.0,1431.0,1431.0,1431.0,2013-09-17 00:00:00+05:30,25.591615676879883,25.769335912845825,25.591615676879883,25.591615676879883,675,0.0,0.0
1432,1432.0,1432.0,1432.0,1432.0,1432.0,1432.0,2013-09-18 00:00:00+05:30,25.591615676879883,25.591615676879883,25.591615676879883,25.591615676879883,0,0.0,0.0
1433,1433.0,1433.0,1433.0,1433.0,1433.0,1433.0,2013-09-19 00:00:00+05:30,25.591615676879883,25.591615676879883,25.591615676879883,25.591615676879883,0,0.0,0.0
1434,1434.0,1434.0,1434.0,1434.0,1434.0,1434.0,2013-09-20 00:00:00+05:30,25.769336700439453,26.835654759093625,25.769336700439453,25.769336700439453,31000,0.0,0.0
1435,1435.0,1435.0,1435.0,1435.0,1435.0,1435.0,2013-09-23 00:00:00+05:30,25.769336700439453,25.769336700439453,25.769336700439453,25.769336700439453,0,0.0,0.0
1436,1436.0,1436.0,1436.0,1436.0,1436.0,1436.0,2013-09-24 00:00:00+05:30,26.302494049072266,26.302494049072266,26.22252011504014,26.302494049072266,750,0.0,0.0
1437,1437.0,1437.0,1437.0,1437.0,1437.0,1437.0,2013-09-25 00:00:00+05:30,25.795991897583008,25.795991897583008,25.795991897583008,25.795991897583008,750,0.0,0.0
1438,1438.0,1438.0,1438.0,1438.0,1438.0,1438.0,2013-09-26 00:00:00+05:30,25.058460235595703,25.058460235595703,25.058460235595703,25.058460235595703,35,0.0,0.0
1439,1439.0,1439.0,1439.0,1439.0,1439.0,1439.0,2013-09-27 00:00:00+05:30,25.058460235595703,25.058460235595703,25.058460235595703,25.058460235595703,0,0.0,0.0
1440,1440.0,1440.0,1440.0,1440.0,1440.0,1440.0,2013-09-30 00:00:00+05:30,25.058460235595703,25.058460235595703,25.058460235595703,25.058460235595703,0,0.0,0.0
1441,1441.0,1441.0,1441.0,1441.0,1441.0,1441.0,2013-10-01 00:00:00+05:30,25.058460235595703,25.058460235595703,25.058460235595703,25.058460235595703,0,0.0,0.0
1442,1442.0,1442.0,1442.0,1442.0,1442.0,1442.0,2013-10-03 00:00:00+05:30,25.769336700439453,25.769336700439453,25.769336700439453,25.769336700439453,50000,0.0,0.0
1443,1443.0,1443.0,1443.0,1443.0,1443.0,1443.0,2013-10-04 00:00:00+05:30,25.769336700439453,25.769336700439453,25.769336700439453,25.769336700439453,0,0.0,0.0
1444,1444.0,1444.0,1444.0,1444.0,1444.0,1444.0,2013-10-07 00:00:00+05:30,25.769336700439453,25.769336700439453,25.769336700439453,25.769336700439453,0,0.0,0.0
1445,1445.0,1445.0,1445.0,1445.0,1445.0,1445.0,2013-10-08 00:00:00+05:30,27.057802200317383,27.057802200317383,27.057802200317383,27.057802200317383,500,0.0,0.0
1446,1446.0,1446.0,1446.0,1446.0,1446.0,1446.0,2013-10-09 00:00:00+05:30,28.40846824645996,28.40846824645996,28.257406567604217,28.40846824645996,8250,0.0,0.0
1447,1447.0,1447.0,1447.0,1447.0,1447.0,1447.0,2013-10-10 00:00:00+05:30,28.40846824645996,28.40846824645996,28.40846824645996,28.40846824645996,0,0.0,0.0
1448,1448.0,1448.0,1448.0,1448.0,1448.0,1448.0,2013-10-11 00:00:00+05:30,28.40846824645996,28.40846824645996,28.40846824645996,28.40846824645996,0,0.0,0.0
1449,1449.0,1449.0,1449.0,1449.0,1449.0,1449.0,2013-10-14 00:00:00+05:30,28.40846824645996,28.40846824645996,28.40846824645996,28.40846824645996,0,0.0,0.0
1450,1450.0,1450.0,1450.0,1450.0,1450.0,1450.0,2013-10-15 00:00:00+05:30,28.079692840576172,28.079692840576172,26.99560236181275,28.079692840576172,3170,0.0,0.0
1451,1451.0,1451.0,1451.0,1451.0,1451.0,1451.0,2013-10-17 00:00:00+05:30,28.968286514282227,28.968286514282227,28.968286514282227,28.968286514282227,20000,0.0,0.0
1452,1452.0,1452.0,1452.0,1452.0,1452.0,1452.0,2013-10-18 00:00:00+05:30,30.212324142456055,30.212324142456055,27.519872292550215,30.212324142456055,13325,0.0,0.0
1453,1453.0,1453.0,1453.0,1453.0,1453.0,1453.0,2013-10-21 00:00:00+05:30,29.323728561401367,30.39004664158049,29.323728561401367,29.323728561401367,7755,0.0,0.0
1454,1454.0,1454.0,1454.0,1454.0,1454.0,1454.0,2013-10-22 00:00:00+05:30,30.78991317749023,30.78991317749023,28.790568254009862,30.78991317749023,27225,0.0,0.0
1455,1455.0,1455.0,1455.0,1455.0,1455.0,1455.0,2013-10-23 00:00:00+05:30,32.327186584472656,32.327186584472656,30.25675223254288,32.327186584472656,7010,0.0,0.0
1456,1456.0,1456.0,1456.0,1456.0,1456.0,1456.0,2013-10-24 00:00:00+05:30,33.74894332885742,33.74894332885742,30.75436975483699,33.74894332885742,15,0.0,0.0
1457,1457.0,1457.0,1457.0,1457.0,1457.0,1457.0,2013-10-25 00:00:00+05:30,33.74894332885742,33.74894332885742,33.74894332885742,33.74894332885742,0,0.0,0.0
1458,1458.0,1458.0,1458.0,1458.0,1458.0,1458.0,2013-10-28 00:00:00+05:30,33.74894332885742,33.74894332885742,33.74894332885742,33.74894332885742,0,0.0,0.0
1459,1459.0,1459.0,1459.0,1459.0,1459.0,1459.0,2013-10-29 00:00:00+05:30,32.2560920715332,32.2560920715332,32.06948738982368,32.2560920715332,55900,0.0,0.0
1460,1460.0,1460.0,1460.0,1460.0,1460.0,1460.0,2013-10-30 00:00:00+05:30,30.665508270263672,31.98952047009099,30.665508270263672,30.665508270263672,1350,0.0,0.0
1461,1461.0,1461.0,1461.0,1461.0,1461.0,1461.0,2013-10-31 00:00:00+05:30,31.98952293395996,31.98952293395996,31.98952293395996,31.98952293395996,500,0.0,0.0
1462,1462.0,1462.0,1462.0,1462.0,1462.0,1462.0,2013-11-01 00:00:00+05:30,32.34496307373047,32.34496307373047,32.34496307373047,32.34496307373047,835,0.0,0.0
1463,1463.0,1463.0,1463.0,1463.0,1463.0,1463.0,2013-11-05 00:00:00+05:30,32.34496307373047,32.34496307373047,32.34496307373047,32.34496307373047,0,0.0,0.0
1464,1464.0,1464.0,1464.0,1464.0,1464.0,1464.0,2013-11-06 00:00:00+05:30,32.34496307373047,32.34496307373047,32.34496307373047,32.34496307373047,0,0.0,0.0
1465,1465.0,1465.0,1465.0,1465.0,1465.0,1465.0,2013-11-07 00:00:00+05:30,31.98952293395996,32.34496343356336,31.98952293395996,31.98952293395996,1000,0.0,0.0
1466,1466.0,1466.0,1466.0,1466.0,1466.0,1466.0,2013-11-08 00:00:00+05:30,32.16724395751953,32.16724395751953,32.16724395751953,32.16724395751953,88660,0.0,0.0
1467,1467.0,1467.0,1467.0,1467.0,1467.0,1467.0,2013-11-11 00:00:00+05:30,33.58899688720703,33.58899688720703,31.989521490622252,33.58899688720703,3330,0.0,0.0
1468,1468.0,1468.0,1468.0,1468.0,1468.0,1468.0,2013-11-12 00:00:00+05:30,32.87812042236328,32.87812042236328,32.87812042236328,32.87812042236328,975,0.0,0.0
1469,1469.0,1469.0,1469.0,1469.0,1469.0,1469.0,2013-11-13 00:00:00+05:30,32.913658142089844,32.913658142089844,32.913658142089844,32.913658142089844,260,0.0,0.0
1470,1470.0,1470.0,1470.0,1470.0,1470.0,1470.0,2013-11-14 00:00:00+05:30,33.41128158569336,33.41128158569336,33.41128158569336,33.41128158569336,250,0.0,0.0
1471,1471.0,1471.0,1471.0,1471.0,1471.0,1471.0,2013-11-18 00:00:00+05:30,34.52202224731445,34.52202224731445,32.878117717340054,34.52202224731445,1935,0.0,0.0
1472,1472.0,1472.0,1472.0,1472.0,1472.0,1472.0,2013-11-19 00:00:00+05:30,36.05930709838867,36.07707607474975,32.79815079950972,36.05930709838867,1885,0.0,0.0
1473,1473.0,1473.0,1473.0,1473.0,1473.0,1473.0,2013-11-20 00:00:00+05:30,37.85426330566406,37.85426330566406,34.74417113863476,37.85426330566406,7395,0.0,0.0
1474,1474.0,1474.0,1474.0,1474.0,1474.0,1474.0,2013-11-21 00:00:00+05:30,37.32110595703125,37.85426325766769,36.45028055813496,37.32110595703125,2275,0.0,0.0
1475,1475.0,1475.0,1475.0,1475.0,1475.0,1475.0,2013-11-22 00:00:00+05:30,37.49882888793945,37.49882888793945,37.32110864501684,37.49882888793945,500,0.0,0.0
1476,1476.0,1476.0,1476.0,1476.0,1476.0,1476.0,2013-11-25 00:00:00+05:30,37.49882888793945,37.49882888793945,37.49882888793945,37.49882888793945,0,0.0,0.0
1477,1477.0,1477.0,1477.0,1477.0,1477.0,1477.0,2013-11-26 00:00:00+05:30,39.09830856323242,39.09830856323242,37.854270116691296,39.09830856323242,495,0.0,0.0
1478,1478.0,1478.0,1478.0,1478.0,1478.0,1478.0,2013-11-27 00:00:00+05:30,39.09830856323242,39.09830856323242,39.09830856323242,39.09830856323242,0,0.0,0.0
1479,1479.0,1479.0,1479.0,1479.0,1479.0,1479.0,2013-11-28 00:00:00+05:30,39.09830856323242,39.09830856323242,39.09830856323242,39.09830856323242,0,0.0,0.0
1480,1480.0,1480.0,1480.0,1480.0,1480.0,1480.0,2013-11-29 00:00:00+05:30,39.09830856323242,39.09830856323242,39.09830856323242,39.09830856323242,0,0.0,0.0
1481,1481.0,1481.0,1481.0,1481.0,1481.0,1481.0,2013-12-02 00:00:00+05:30,40.875492095947266,41.053212304745415,40.875492095947266,40.875492095947266,2760,0.0,0.0
1482,1482.0,1482.0,1482.0,1482.0,1482.0,1482.0,2013-12-03 00:00:00+05:30,41.76409149169922,41.76409149169922,40.89326616098047,41.76409149169922,4105,0.0,0.0
1483,1483.0,1483.0,1483.0,1483.0,1483.0,1483.0,2013-12-04 00:00:00+05:30,39.98689270019531,39.98689270019531,39.98689270019531,39.98689270019531,5,0.0,0.0
1484,1484.0,1484.0,1484.0,1484.0,1484.0,1484.0,2013-12-05 00:00:00+05:30,41.98624420166016,41.98624420166016,41.94181499156236,41.98624420166016,4500,0.0,0.0
1485,1485.0,1485.0,1485.0,1485.0,1485.0,1485.0,2013-12-06 00:00:00+05:30,44.08333587646485,44.08333587646485,44.07444800052239,44.08333587646485,3595,0.0,0.0
1486,1486.0,1486.0,1486.0,1486.0,1486.0,1486.0,2013-12-09 00:00:00+05:30,46.28704833984375,46.28704833984375,46.207074421601746,46.28704833984375,7745,0.0,0.0
1487,1487.0,1487.0,1487.0,1487.0,1487.0,1487.0,2013-12-10 00:00:00+05:30,46.20708465576172,46.29594307805327,46.20708465576172,46.20708465576172,3025,0.0,0.0
1488,1488.0,1488.0,1488.0,1488.0,1488.0,1488.0,2013-12-11 00:00:00+05:30,43.985595703125,43.985595703125,43.985595703125,43.985595703125,85,0.0,0.0
1489,1489.0,1489.0,1489.0,1489.0,1489.0,1489.0,2013-12-12 00:00:00+05:30,45.4962043762207,45.673924599863355,45.31848415257805,45.4962043762207,6485,0.0,0.0
1490,1490.0,1490.0,1490.0,1490.0,1490.0,1490.0,2013-12-13 00:00:00+05:30,45.31848907470703,45.31848907470703,43.71901366766371,45.31848907470703,895,0.0,0.0
1491,1491.0,1491.0,1491.0,1491.0,1491.0,1491.0,2013-12-16 00:00:00+05:30,43.719017028808594,43.719017028808594,43.719017028808594,43.719017028808594,120,0.0,0.0
1492,1492.0,1492.0,1492.0,1492.0,1492.0,1492.0,2013-12-17 00:00:00+05:30,42.68824768066406,42.68824768066406,41.76410496992155,42.68824768066406,1695,0.0,0.0
1493,1493.0,1493.0,1493.0,1493.0,1493.0,1493.0,2013-12-18 00:00:00+05:30,43.18585586547851,43.36357612046758,41.76410060502984,43.18585586547851,205,0.0,0.0
1494,1494.0,1494.0,1494.0,1494.0,1494.0,1494.0,2013-12-19 00:00:00+05:30,43.54129409790039,43.54129409790039,43.54129409790039,43.54129409790039,10,0.0,0.0
1495,1495.0,1495.0,1495.0,1495.0,1495.0,1495.0,2013-12-20 00:00:00+05:30,43.54129409790039,43.54129409790039,43.54129409790039,43.54129409790039,20,0.0,0.0
1496,1496.0,1496.0,1496.0,1496.0,1496.0,1496.0,2013-12-23 00:00:00+05:30,43.54129409790039,43.54129409790039,43.54129409790039,43.54129409790039,0,0.0,0.0
1497,1497.0,1497.0,1497.0,1497.0,1497.0,1497.0,2013-12-24 00:00:00+05:30,41.79963684082031,45.30071057688403,41.79963684082031,41.79963684082031,140,0.0,0.0
1498,1498.0,1498.0,1498.0,1498.0,1498.0,1498.0,2013-12-26 00:00:00+05:30,41.817413330078125,41.817413330078125,41.817413330078125,41.817413330078125,125,0.0,0.0
1499,1499.0,1499.0,1499.0,1499.0,1499.0,1499.0,2013-12-27 00:00:00+05:30,42.65269470214844,42.65269470214844,42.65269470214844,42.65269470214844,5000,0.0,0.0
1500,1500.0,1500.0,1500.0,1500.0,1500.0,1500.0,2013-12-30 00:00:00+05:30,44.77644729614258,44.7853351733245,43.63015520037502,44.77644729614258,17225,0.0,0.0
1501,1501.0,1501.0,1501.0,1501.0,1501.0,1501.0,2013-12-31 00:00:00+05:30,44.77644729614258,44.77644729614258,44.77644729614258,44.77644729614258,50,0.0,0.0
1502,1502.0,1502.0,1502.0,1502.0,1502.0,1502.0,2014-01-01 00:00:00+05:30,44.77644729614258,44.77644729614258,44.77644729614258,44.77644729614258,0,0.0,0.0
1503,1503.0,1503.0,1503.0,1503.0,1503.0,1503.0,2014-01-02 00:00:00+05:30,43.55017852783203,46.19820306675507,43.55017852783203,43.55017852783203,2625,0.0,0.0
1504,1504.0,1504.0,1504.0,1504.0,1504.0,1504.0,2014-01-03 00:00:00+05:30,43.55017852783203,43.55017852783203,43.55017852783203,43.55017852783203,0,0.0,0.0
1505,1505.0,1505.0,1505.0,1505.0,1505.0,1505.0,2014-01-06 00:00:00+05:30,43.55017852783203,43.55017852783203,43.55017852783203,43.55017852783203,0,0.0,0.0
1506,1506.0,1506.0,1506.0,1506.0,1506.0,1506.0,2014-01-07 00:00:00+05:30,43.54129409790039,43.54129409790039,43.54129409790039,43.54129409790039,50,0.0,0.0
1507,1507.0,1507.0,1507.0,1507.0,1507.0,1507.0,2014-01-08 00:00:00+05:30,42.65269470214844,44.78533079314851,42.65269470214844,42.65269470214844,755,0.0,0.0
1508,1508.0,1508.0,1508.0,1508.0,1508.0,1508.0,2014-01-09 00:00:00+05:30,41.088768005371094,42.65269880334502,41.06210776360128,41.088768005371094,3825,0.0,0.0
1509,1509.0,1509.0,1509.0,1509.0,1509.0,1509.0,2014-01-10 00:00:00+05:30,41.07099914550781,41.07099914550781,41.07099914550781,41.07099914550781,500,0.0,0.0
1510,1510.0,1510.0,1510.0,1510.0,1510.0,1510.0,2014-01-13 00:00:00+05:30,44.429885760118815,44.429885760118815,38.20970175370218,41.310909271240234,5885,0.0,0.0
1511,1511.0,1511.0,1511.0,1511.0,1511.0,1511.0,2014-01-14 00:00:00+05:30,43.54129409790039,45.43400844352585,42.12842339872619,43.54129409790039,7635,0.0,0.0
1512,1512.0,1512.0,1512.0,1512.0,1512.0,1512.0,2014-01-15 00:00:00+05:30,43.54128589108901,44.42988356233572,40.342335630493274,41.71077346801758,3540,0.0,0.0
1513,1513.0,1513.0,1513.0,1513.0,1513.0,1513.0,2014-01-16 00:00:00+05:30,41.764089750206985,41.764089750206985,40.875492095947266,40.875492095947266,355,0.0,0.0
1514,1514.0,1514.0,1514.0,1514.0,1514.0,1514.0,2014-01-17 00:00:00+05:30,39.640341898883214,40.875492095947266,39.09829678742782,40.875492095947266,7665,0.0,0.0
1515,1515.0,1515.0,1515.0,1515.0,1515.0,1515.0,2014-01-20 00:00:00+05:30,40.875492095947266,40.875492095947266,40.875492095947266,40.875492095947266,0,0.0,0.0
1516,1516.0,1516.0,1516.0,1516.0,1516.0,1516.0,2014-01-21 00:00:00+05:30,40.875492095947266,40.875492095947266,39.36487540575953,40.875492095947266,1065,0.0,0.0
1517,1517.0,1517.0,1517.0,1517.0,1517.0,1517.0,2014-01-22 00:00:00+05:30,39.98689944838442,39.98689944838442,38.68954752426128,39.92469787597656,135,0.0,0.0
1518,1518.0,1518.0,1518.0,1518.0,1518.0,1518.0,2014-01-23 00:00:00+05:30,40.86660834294942,42.652688168524705,40.86660834294942,42.47496795654297,6205,0.0,0.0
1519,1519.0,1519.0,1519.0,1519.0,1519.0,1519.0,2014-01-24 00:00:00+05:30,40.875492095947266,40.875492095947266,40.875492095947266,40.875492095947266,250,0.0,0.0
1520,1520.0,1520.0,1520.0,1520.0,1520.0,1520.0,2014-01-27 00:00:00+05:30,41.328679321719726,41.328679321719726,40.564488114066044,40.86661148071289,1790,0.0,0.0
1521,1521.0,1521.0,1521.0,1521.0,1521.0,1521.0,2014-01-28 00:00:00+05:30,41.76409689585368,42.65269470214844,40.733323576141025,42.65269470214844,13890,0.0,0.0
1522,1522.0,1522.0,1522.0,1522.0,1522.0,1522.0,2014-01-29 00:00:00+05:30,42.65269179855842,43.9944729032396,42.65269179855842,42.98147201538086,455,0.0,0.0
1523,1523.0,1523.0,1523.0,1523.0,1523.0,1523.0,2014-01-30 00:00:00+05:30,42.47497263039945,42.47497263039945,40.3512245073392,42.27059555053711,41095,0.0,0.0
1524,1524.0,1524.0,1524.0,1524.0,1524.0,1524.0,2014-01-31 00:00:00+05:30,42.45720251199578,42.830415356921165,41.38199996948242,41.38199996948242,25035,0.0,0.0
1525,1525.0,1525.0,1525.0,1525.0,1525.0,1525.0,2014-02-03 00:00:00+05:30,41.33756731857259,41.94181405363819,41.33756731857259,41.93292617797851,205,0.0,0.0
1526,1526.0,1526.0,1526.0,1526.0,1526.0,1526.0,2014-02-04 00:00:00+05:30,42.47497059513084,42.47497059513084,40.91992457571902,42.11953353881836,210,0.0,0.0
1527,1527.0,1527.0,1527.0,1527.0,1527.0,1527.0,2014-02-05 00:00:00+05:30,40.87549380038647,42.44831212077778,40.87549380038647,41.76409149169922,5070,0.0,0.0
1528,1528.0,1528.0,1528.0,1528.0,1528.0,1528.0,2014-02-06 00:00:00+05:30,42.64380623508364,42.64380623508364,37.67654482596377,39.27602005004883,14890,0.0,0.0
1529,1529.0,1529.0,1529.0,1529.0,1529.0,1529.0,2014-02-07 00:00:00+05:30,39.00944417694042,40.866613686014645,38.92058236446585,39.9780158996582,690,0.0,0.0
1530,1530.0,1530.0,1530.0,1530.0,1530.0,1530.0,2014-02-10 00:00:00+05:30,40.804400879439584,40.804400879439584,39.98689270019531,39.98689270019531,15,0.0,0.0
1531,1531.0,1531.0,1531.0,1531.0,1531.0,1531.0,2014-02-11 00:00:00+05:30,39.45374908788191,39.98690648512407,38.74286803858294,39.09830856323242,2765,0.0,0.0
1532,1532.0,1532.0,1532.0,1532.0,1532.0,1532.0,2014-02-12 00:00:00+05:30,39.09829982743242,39.27602005004883,39.09829982743242,39.27602005004883,255,0.0,0.0
1533,1533.0,1533.0,1533.0,1533.0,1533.0,1533.0,2014-02-13 00:00:00+05:30,39.27602283490104,39.995784872421574,39.27602283490104,39.9780158996582,2685,0.0,0.0
1534,1534.0,1534.0,1534.0,1534.0,1534.0,1534.0,2014-02-14 00:00:00+05:30,39.98690734103547,40.804415819602994,39.95136260986328,39.95136260986328,535,0.0,0.0
1535,1535.0,1535.0,1535.0,1535.0,1535.0,1535.0,2014-02-17 00:00:00+05:30,39.95136260986328,39.95136260986328,39.95136260986328,39.95136260986328,0,0.0,0.0
1536,1536.0,1536.0,1536.0,1536.0,1536.0,1536.0,2014-02-18 00:00:00+05:30,39.99578857421875,39.99578857421875,39.98690408701477,39.99578857421875,2500,0.0,0.0
1537,1537.0,1537.0,1537.0,1537.0,1537.0,1537.0,2014-02-19 00:00:00+05:30,39.99578857421875,39.99578857421875,39.99578857421875,39.99578857421875,0,0.0,0.0
1538,1538.0,1538.0,1538.0,1538.0,1538.0,1538.0,2014-02-20 00:00:00+05:30,39.4626215805573,40.34233474731445,39.4626215805573,40.34233474731445,18910,0.0,0.0
1539,1539.0,1539.0,1539.0,1539.0,1539.0,1539.0,2014-02-21 00:00:00+05:30,41.586367730256946,41.586367730256946,39.329328973199395,39.98689270019531,11090,0.0,0.0
1540,1540.0,1540.0,1540.0,1540.0,1540.0,1540.0,2014-02-24 00:00:00+05:30,39.9868964294263,39.9868964294263,39.09829873099461,39.453739166259766,2570,0.0,0.0
1541,1541.0,1541.0,1541.0,1541.0,1541.0,1541.0,2014-02-25 00:00:00+05:30,39.444847612346834,41.48862145018841,39.444847612346834,39.98689270019531,3975,0.0,0.0
1542,1542.0,1542.0,1542.0,1542.0,1542.0,1542.0,2014-02-26 00:00:00+05:30,39.98689270019531,39.98689270019531,39.98689270019531,39.98689270019531,550,0.0,0.0
1543,1543.0,1543.0,1543.0,1543.0,1543.0,1543.0,2014-02-28 00:00:00+05:30,40.86660684287978,41.541939555943976,39.995778175107425,41.3464469909668,6180,0.0,0.0
1544,1544.0,1544.0,1544.0,1544.0,1544.0,1544.0,2014-03-03 00:00:00+05:30,41.54194033664206,41.54194033664206,40.875492095947266,40.875492095947266,40,0.0,0.0
1545,1545.0,1545.0,1545.0,1545.0,1545.0,1545.0,2014-03-04 00:00:00+05:30,41.14207775350103,42.82152706504106,40.88438357613995,42.65269470214844,3505,0.0,0.0
1546,1546.0,1546.0,1546.0,1546.0,1546.0,1546.0,2014-03-05 00:00:00+05:30,43.550177092811694,43.71012496948242,43.54129260621071,43.71012496948242,2255,0.0,0.0
1547,1547.0,1547.0,1547.0,1547.0,1547.0,1547.0,2014-03-06 00:00:00+05:30,43.71012095323122,44.07444588556531,43.63014702224416,43.67457962036133,2585,0.0,0.0
1548,1548.0,1548.0,1548.0,1548.0,1548.0,1548.0,2014-03-07 00:00:00+05:30,44.95416479707459,44.95416479707459,43.54129409790039,43.54129409790039,3405,0.0,0.0
1549,1549.0,1549.0,1549.0,1549.0,1549.0,1549.0,2014-03-10 00:00:00+05:30,44.91862282888459,44.92751070606759,42.83930362294943,43.719017028808594,4370,0.0,0.0
1550,1550.0,1550.0,1550.0,1550.0,1550.0,1550.0,2014-03-11 00:00:00+05:30,43.55017858480575,43.55017858480575,42.99924887391639,43.54129409790039,6665,0.0,0.0
1551,1551.0,1551.0,1551.0,1551.0,1551.0,1551.0,2014-03-12 00:00:00+05:30,42.66158767008276,42.66158767008276,34.83304160969707,42.45721054077149,38535,0.0,0.0
1552,1552.0,1552.0,1552.0,1552.0,1552.0,1552.0,2014-03-13 00:00:00+05:30,41.15095902970348,43.48796844482422,41.14207115481633,43.48796844482422,12850,0.0,0.0
1553,1553.0,1553.0,1553.0,1553.0,1553.0,1553.0,2014-03-14 00:00:00+05:30,42.297257530718795,43.541295912688355,42.297257530718795,43.390235900878906,16560,0.0,0.0
1554,1554.0,1554.0,1554.0,1554.0,1554.0,1554.0,2014-03-18 00:00:00+05:30,43.5501741996778,44.42100297691478,43.185849258071066,43.49686050415039,7910,0.0,0.0
1555,1555.0,1555.0,1555.0,1555.0,1555.0,1555.0,2014-03-19 00:00:00+05:30,43.54129118194499,44.42988896116836,42.510517893635146,43.87007141113281,3295,0.0,0.0
1556,1556.0,1556.0,1556.0,1556.0,1556.0,1556.0,2014-03-20 00:00:00+05:30,43.55017858480575,44.518750364613624,43.54129409790039,43.54129409790039,1570,0.0,0.0
1557,1557.0,1557.0,1557.0,1557.0,1557.0,1557.0,2014-03-21 00:00:00+05:30,44.37657716725375,44.429894260670046,43.18585586547851,43.18585586547851,2005,0.0,0.0
1558,1558.0,1558.0,1558.0,1558.0,1558.0,1558.0,2014-03-24 00:00:00+05:30,43.185854731367534,46.20708881764473,43.185854731367534,43.36357498168945,1450,0.0,0.0
1559,1559.0,1559.0,1559.0,1559.0,1559.0,1559.0,2014-03-25 00:00:00+05:30,43.56794420053939,43.61237679737969,43.56794420053939,43.60348892211914,1060,0.0,0.0
1560,1560.0,1560.0,1560.0,1560.0,1560.0,1560.0,2014-03-26 00:00:00+05:30,44.42988586425781,44.42988586425781,44.25216564285452,44.42988586425781,20840,0.0,0.0
1561,1561.0,1561.0,1561.0,1561.0,1561.0,1561.0,2014-03-27 00:00:00+05:30,44.0300221549297,45.48732206556792,44.0300221549297,45.354034423828125,55,0.0,0.0
1562,1562.0,1562.0,1562.0,1562.0,1562.0,1562.0,2014-03-28 00:00:00+05:30,44.06556613372547,44.06556613372547,43.736785888671875,43.736785888671875,600,0.0,0.0
1563,1563.0,1563.0,1563.0,1563.0,1563.0,1563.0,2014-03-31 00:00:00+05:30,44.46543446081261,44.46543446081261,44.42100524902344,44.42100524902344,400,0.0,0.0
1564,1564.0,1564.0,1564.0,1564.0,1564.0,1564.0,2014-04-01 00:00:00+05:30,44.41211647471373,45.31848661375665,43.89673152686473,44.90084457397461,7680,0.0,0.0
1565,1565.0,1565.0,1565.0,1565.0,1565.0,1565.0,2014-04-02 00:00:00+05:30,44.90973501730419,47.086800372718535,44.90973501730419,46.367034912109375,1340,0.0,0.0
1566,1566.0,1566.0,1566.0,1566.0,1566.0,1566.0,2014-04-03 00:00:00+05:30,46.367032527671725,46.917962203288674,45.585065530526315,46.20708465576172,1845,0.0,0.0
1567,1567.0,1567.0,1567.0,1567.0,1567.0,1567.0,2014-04-04 00:00:00+05:30,46.39368970558552,46.90907804978155,46.38480521918594,46.49143600463867,965,0.0,0.0
1568,1568.0,1568.0,1568.0,1568.0,1568.0,1568.0,2014-04-07 00:00:00+05:30,46.38479322267426,53.20922274181272,46.38479322267426,48.48188400268555,11840,0.0,0.0
1569,1569.0,1569.0,1569.0,1569.0,1569.0,1569.0,2014-04-09 00:00:00+05:30,52.222888412804295,52.42726548164295,48.87287460153156,51.42314910888672,6610,0.0,0.0
1570,1570.0,1570.0,1570.0,1570.0,1570.0,1570.0,2014-04-10 00:00:00+05:30,53.10260923582623,53.10260923582623,50.339072602579805,52.14292526245117,9695,0.0,0.0
1571,1571.0,1571.0,1571.0,1571.0,1571.0,1571.0,2014-04-11 00:00:00+05:30,52.42727290622782,53.68908022028951,49.761479368623014,53.2092399597168,9885,0.0,0.0
1572,1572.0,1572.0,1572.0,1572.0,1572.0,1572.0,2014-04-15 00:00:00+05:30,55.09306281717232,55.09306281717232,52.42726945505108,53.22700881958008,2670,0.0,0.0
1573,1573.0,1573.0,1573.0,1573.0,1573.0,1573.0,2014-04-16 00:00:00+05:30,52.791592551601475,53.315865363262816,52.427267607208435,53.1203727722168,7815,0.0,0.0
1574,1574.0,1574.0,1574.0,1574.0,1574.0,1574.0,2014-04-17 00:00:00+05:30,53.3158672584221,53.8490245751137,51.71639191861575,53.49358749389648,4065,0.0,0.0
1575,1575.0,1575.0,1575.0,1575.0,1575.0,1575.0,2014-04-21 00:00:00+05:30,52.96042603509516,53.33363886326251,51.64530173483841,52.400611877441406,3945,0.0,0.0
1576,1576.0,1576.0,1576.0,1576.0,1576.0,1576.0,2014-04-22 00:00:00+05:30,51.538670878124705,51.71639111082316,49.76147533060316,50.321292877197266,2420,0.0,0.0
1577,1577.0,1577.0,1577.0,1577.0,1577.0,1577.0,2014-04-23 00:00:00+05:30,50.650070505056064,53.3158636895327,49.99250669473671,52.23177337646485,32610,0.0,0.0
1578,1578.0,1578.0,1578.0,1578.0,1578.0,1578.0,2014-04-24 00:00:00+05:30,52.23177337646485,52.23177337646485,52.23177337646485,52.23177337646485,0,0.0,0.0
1579,1579.0,1579.0,1579.0,1579.0,1579.0,1579.0,2014-04-25 00:00:00+05:30,52.071822388686066,53.31586048932954,51.71638535259587,53.28920364379883,4125,0.0,0.0
1580,1580.0,1580.0,1580.0,1580.0,1580.0,1580.0,2014-04-28 00:00:00+05:30,51.36984010181225,53.31586806591476,51.36984010181225,53.298095703125,5830,0.0,0.0
1581,1581.0,1581.0,1581.0,1581.0,1581.0,1581.0,2014-04-29 00:00:00+05:30,51.91188252553451,52.35618143132539,50.650075260159625,50.98774337768555,2785,0.0,0.0
1582,1582.0,1582.0,1582.0,1582.0,1582.0,1582.0,2014-04-30 00:00:00+05:30,51.538673400878906,51.538673400878906,51.538673400878906,51.538673400878906,400,0.0,0.0
1583,1583.0,1583.0,1583.0,1583.0,1583.0,1583.0,2014-05-02 00:00:00+05:30,50.48123845963797,53.111486937220754,50.472350584053565,52.24954605102539,2650,0.0,0.0
1584,1584.0,1584.0,1584.0,1584.0,1584.0,1584.0,2014-05-05 00:00:00+05:30,52.42727109069472,55.62622186914953,52.418386604025685,54.90645980834961,8280,0.0,0.0
1585,1585.0,1585.0,1585.0,1585.0,1585.0,1585.0,2014-05-06 00:00:00+05:30,55.626216334676336,59.53604768798904,55.27966376362565,57.89214324951172,32125,0.0,0.0
1586,1586.0,1586.0,1586.0,1586.0,1586.0,1586.0,2014-05-07 00:00:00+05:30,58.64745341406387,58.64745341406387,57.7588556350629,58.158721923828125,19170,0.0,0.0
1587,1587.0,1587.0,1587.0,1587.0,1587.0,1587.0,2014-05-08 00:00:00+05:30,57.24347177960321,58.11430065419309,55.279671347737555,57.64334487915039,3430,0.0,0.0
1588,1588.0,1588.0,1588.0,1588.0,1588.0,1588.0,2014-05-09 00:00:00+05:30,60.41575539535302,60.41575539535302,54.30220569329166,58.29200744628906,18010,0.0,0.0
1589,1589.0,1589.0,1589.0,1589.0,1589.0,1589.0,2014-05-12 00:00:00+05:30,58.64745389218142,59.793745849973256,56.87025831969107,58.95846176147461,35920,0.0,0.0
1590,1590.0,1590.0,1590.0,1590.0,1590.0,1590.0,2014-05-13 00:00:00+05:30,59.527166386889554,59.71377111656755,56.888029762440176,58.354217529296875,11480,0.0,0.0
1591,1591.0,1591.0,1591.0,1591.0,1591.0,1591.0,2014-05-14 00:00:00+05:30,59.153960999998546,59.53605836215811,58.656348353265656,58.85184097290039,5735,0.0,0.0
1592,1592.0,1592.0,1592.0,1592.0,1592.0,1592.0,2014-05-15 00:00:00+05:30,59.536051040172666,65.73846650463497,57.98989280693126,63.84574890136719,47980,0.0,0.0
1593,1593.0,1593.0,1593.0,1593.0,1593.0,1593.0,2014-05-16 00:00:00+05:30,64.1745316858809,69.3106256838966,64.15675593407809,66.34271240234375,52940,0.0,0.0
1594,1594.0,1594.0,1594.0,1594.0,1594.0,1594.0,2014-05-19 00:00:00+05:30,66.11167101682989,72.86501226071056,65.94283528240756,71.22999572753906,30990,0.0,0.0
1595,1595.0,1595.0,1595.0,1595.0,1595.0,1595.0,2014-05-20 00:00:00+05:30,70.19922659338158,76.41941122823818,70.19922659338158,73.31820678710938,1775,0.0,0.0
1596,1596.0,1596.0,1596.0,1596.0,1596.0,1596.0,2014-05-21 00:00:00+05:30,73.93133380934881,73.93133380934881,68.5464333427425,70.69683837890625,7030,0.0,0.0
1597,1597.0,1597.0,1597.0,1597.0,1597.0,1597.0,2014-05-22 00:00:00+05:30,72.85612389378674,72.86501176908124,70.53688334268216,71.23887634277344,9935,0.0,0.0
1598,1598.0,1598.0,1598.0,1598.0,1598.0,1598.0,2014-05-23 00:00:00+05:30,73.82470594406068,73.82470594406068,69.31062754844949,71.7098388671875,7970,0.0,0.0
1599,1599.0,1599.0,1599.0,1599.0,1599.0,1599.0,2014-05-26 00:00:00+05:30,70.1992246158105,74.55335509344324,67.75558072095633,67.98661804199219,5140,0.0,0.0
1600,1600.0,1600.0,1600.0,1600.0,1600.0,1600.0,2014-05-27 00:00:00+05:30,70.73239142751756,71.62098932680664,69.66607666015625,69.66607666015625,20720,0.0,0.0
1601,1601.0,1601.0,1601.0,1601.0,1601.0,1601.0,2014-05-28 00:00:00+05:30,69.32838014141477,71.97640391021025,69.32838014141477,71.07891845703125,3300,0.0,0.0
1602,1602.0,1602.0,1602.0,1602.0,1602.0,1602.0,2014-05-29 00:00:00+05:30,68.46645839895038,71.26553584902811,68.46645839895038,69.31951141357422,3565,0.0,0.0
1603,1603.0,1603.0,1603.0,1603.0,1603.0,1603.0,2014-05-30 00:00:00+05:30,71.08781791450977,72.6872965293713,67.8355469907789,69.76380920410156,6055,0.0,0.0
1604,1604.0,1604.0,1604.0,1604.0,1604.0,1604.0,2014-06-02 00:00:00+05:30,71.0878251238567,72.86502075195312,70.19922730980849,72.86502075195312,2390,0.0,0.0
1605,1605.0,1605.0,1605.0,1605.0,1605.0,1605.0,2014-06-03 00:00:00+05:30,72.86501829325933,73.75361607732346,71.71872633828102,73.72695922851562,2850,0.0,0.0
1606,1606.0,1606.0,1606.0,1606.0,1606.0,1606.0,2014-06-04 00:00:00+05:30,73.5758915969824,75.07761708617485,72.28742087612218,74.27787780761719,11645,0.0,0.0
1607,1607.0,1607.0,1607.0,1607.0,1607.0,1607.0,2014-06-05 00:00:00+05:30,77.3079951061459,79.97378804084057,72.86500688165475,77.61011505126953,7265,0.0,0.0
1608,1608.0,1608.0,1608.0,1608.0,1608.0,1608.0,2014-06-06 00:00:00+05:30,77.13915995184409,81.91981965543248,77.13915995184409,81.72432708740234,10830,0.0,0.0
1609,1609.0,1609.0,1609.0,1609.0,1609.0,1609.0,2014-06-09 00:00:00+05:30,84.14131928648679,88.85977095475634,81.76875824960328,88.77980041503906,12390,0.0,0.0
1610,1610.0,1610.0,1610.0,1610.0,1610.0,1610.0,2014-06-10 00:00:00+05:30,87.26030186636005,87.26030186636005,82.6395959854126,85.30538940429688,21430,0.0,0.0
1611,1611.0,1611.0,1611.0,1611.0,1611.0,1611.0,2014-06-11 00:00:00+05:30,88.85977266422951,88.85977266422951,84.78111235308344,87.34915924072266,26940,0.0,0.0
1612,1612.0,1612.0,1612.0,1612.0,1612.0,1612.0,2014-06-12 00:00:00+05:30,84.06134588043761,88.85977509125811,84.06134588043761,88.59319305419922,8250,0.0,0.0
1613,1613.0,1613.0,1613.0,1613.0,1613.0,1613.0,2014-06-13 00:00:00+05:30,88.77091316271995,88.85088370299849,87.10923299359725,87.79345703125,4670,0.0,0.0
1614,1614.0,1614.0,1614.0,1614.0,1614.0,1614.0,2014-06-16 00:00:00+05:30,89.02861011744375,89.12635641161513,87.44690721825253,89.04637908935547,6110,0.0,0.0
1615,1615.0,1615.0,1615.0,1615.0,1615.0,1615.0,2014-06-17 00:00:00+05:30,91.28565687747592,91.28565687747592,87.9711840315068,87.99784088134766,6045,0.0,0.0
1616,1616.0,1616.0,1616.0,1616.0,1616.0,1616.0,2014-06-18 00:00:00+05:30,87.47356182238939,89.39292937437884,87.47356182238939,88.86865997314453,53310,0.0,0.0
1617,1617.0,1617.0,1617.0,1617.0,1617.0,1617.0,2014-06-19 00:00:00+05:30,88.33550988545996,89.21521980257096,88.32662200927734,88.32662200927734,2095,0.0,0.0
1618,1618.0,1618.0,1618.0,1618.0,1618.0,1618.0,2014-06-20 00:00:00+05:30,87.98005401057931,87.98005401057931,87.2602853139783,87.3224868774414,3670,0.0,0.0
1619,1619.0,1619.0,1619.0,1619.0,1619.0,1619.0,2014-06-23 00:00:00+05:30,87.08258020406909,88.85977571843785,87.08258020406909,88.62873840332031,5030,0.0,0.0
1620,1620.0,1620.0,1620.0,1620.0,1620.0,1620.0,2014-06-24 00:00:00+05:30,87.97118823969763,89.74838396171172,87.08259037869058,89.33074188232422,14940,0.0,0.0
1621,1621.0,1621.0,1621.0,1621.0,1621.0,1621.0,2014-06-25 00:00:00+05:30,88.14889166306425,91.52556573195038,88.14889166306425,91.51667785644533,8950,0.0,0.0
1622,1622.0,1622.0,1622.0,1622.0,1622.0,1622.0,2014-06-26 00:00:00+05:30,92.41415901941484,96.8571474338098,92.41415901941484,95.8619155883789,7160,0.0,0.0
1623,1623.0,1623.0,1623.0,1623.0,1623.0,1623.0,2014-06-27 00:00:00+05:30,97.39031659176064,98.81207170225711,95.91524778320276,97.70132446289062,43190,0.0,0.0
1624,1624.0,1624.0,1624.0,1624.0,1624.0,1624.0,2014-06-30 00:00:00+05:30,99.50518401788224,101.30014857993127,97.76352637461552,99.79841613769533,5955,0.0,0.0
1625,1625.0,1625.0,1625.0,1625.0,1625.0,1625.0,2014-07-01 00:00:00+05:30,99.52295299080969,101.291260703736,99.52295299080969,99.79841613769533,4570,0.0,0.0
1626,1626.0,1626.0,1626.0,1626.0,1626.0,1626.0,2014-07-02 00:00:00+05:30,101.28238666548266,101.4778724991606,100.41155778316028,101.30015563964844,7415,0.0,0.0
1627,1627.0,1627.0,1627.0,1627.0,1627.0,1627.0,2014-07-03 00:00:00+05:30,98.32334193584812,102.18874077446804,98.32334193584812,101.48674774169922,5430,0.0,0.0
1628,1628.0,1628.0,1628.0,1628.0,1628.0,1628.0,2014-07-04 00:00:00+05:30,101.9310564194686,104.49021573312076,101.52230223058784,102.68636322021484,11610,0.0,0.0
1629,1629.0,1629.0,1629.0,1629.0,1629.0,1629.0,2014-07-07 00:00:00+05:30,103.07733702048276,104.85453248635316,102.18873928754758,103.96593475341795,12515,0.0,0.0
1630,1630.0,1630.0,1630.0,1630.0,1630.0,1630.0,2014-07-08 00:00:00+05:30,106.35626968739928,106.35626968739928,101.3001461863874,102.1976318359375,14425,0.0,0.0
1631,1631.0,1631.0,1631.0,1631.0,1631.0,1631.0,2014-07-09 00:00:00+05:30,103.07733575356922,103.77044089202576,95.07995625544748,100.76698303222656,20760,0.0,0.0
1632,1632.0,1632.0,1632.0,1632.0,1632.0,1632.0,2014-07-10 00:00:00+05:30,103.61050871062488,103.78823234960068,100.76699828164828,101.30015563964844,17725,0.0,0.0
1633,1633.0,1633.0,1633.0,1633.0,1633.0,1633.0,2014-07-11 00:00:00+05:30,103.0773470563806,104.88119954515312,102.18874923692904,103.10400390625,11180,0.0,0.0
1634,1634.0,1634.0,1634.0,1634.0,1634.0,1634.0,2014-07-14 00:00:00+05:30,103.0773466882594,103.97483238095,102.27760729771644,103.0951156616211,11055,0.0,0.0
1635,1635.0,1635.0,1635.0,1635.0,1635.0,1635.0,2014-07-15 00:00:00+05:30,104.84564883826,105.2099771775956,102.18874340790413,104.783447265625,7430,0.0,0.0
1636,1636.0,1636.0,1636.0,1636.0,1636.0,1636.0,2014-07-16 00:00:00+05:30,105.56541665637216,106.27629079707548,104.85453573620596,105.20997619628906,3140,0.0,0.0
1637,1637.0,1637.0,1637.0,1637.0,1637.0,1637.0,2014-07-17 00:00:00+05:30,106.63174116531668,106.63174116531668,104.85454547922808,104.872314453125,1115,0.0,0.0
1638,1638.0,1638.0,1638.0,1638.0,1638.0,1638.0,2014-07-18 00:00:00+05:30,106.63172118871388,106.63172118871388,104.85452583556864,105.58317565917967,1855,0.0,0.0
1639,1639.0,1639.0,1639.0,1639.0,1639.0,1639.0,2014-07-21 00:00:00+05:30,106.6317368887737,107.8757751750354,105.0322581236568,107.14712524414062,12935,0.0,0.0
1640,1640.0,1640.0,1640.0,1640.0,1640.0,1640.0,2014-07-22 00:00:00+05:30,107.51143624584016,107.51143624584016,104.8545309612578,104.89007568359376,2390,0.0,0.0
1641,1641.0,1641.0,1641.0,1641.0,1641.0,1641.0,2014-07-23 00:00:00+05:30,104.85454631240518,107.85800460515362,104.85454631240518,106.47179412841795,2680,0.0,0.0
1642,1642.0,1642.0,1642.0,1642.0,1642.0,1642.0,2014-07-24 00:00:00+05:30,106.63172875699364,108.23120740013364,106.45401192085042,106.62284088134766,5055,0.0,0.0
1643,1643.0,1643.0,1643.0,1643.0,1643.0,1643.0,2014-07-25 00:00:00+05:30,108.4000474237817,108.4000474237817,104.8545439790123,106.84500122070312,6175,0.0,0.0
1644,1644.0,1644.0,1644.0,1644.0,1644.0,1644.0,2014-07-28 00:00:00+05:30,110.59141648541132,110.59141648541132,106.20558188730185,108.0968017578125,6200,1.6,0.0
1645,1645.0,1645.0,1645.0,1645.0,1645.0,1645.0,2014-07-30 00:00:00+05:30,110.21315449189348,115.27442467374594,109.86192827888696,111.04169464111328,68910,0.0,0.0
1646,1646.0,1646.0,1646.0,1646.0,1646.0,1646.0,2014-07-31 00:00:00+05:30,106.26861691630928,112.93292138523915,106.26861691630928,111.06871795654295,1230,0.0,0.0
1647,1647.0,1647.0,1647.0,1647.0,1647.0,1647.0,2014-08-01 00:00:00+05:30,107.5294404792086,111.66310657391143,107.5294404792086,110.37527465820312,2410,0.0,0.0
1648,1648.0,1648.0,1648.0,1648.0,1648.0,1648.0,2014-08-04 00:00:00+05:30,112.03234109551404,112.03234109551404,110.7715256087162,111.6540985107422,3715,0.0,0.0
1649,1649.0,1649.0,1649.0,1649.0,1649.0,1649.0,2014-08-05 00:00:00+05:30,113.48228535538354,118.5165398954903,112.5726960474702,115.202392578125,15250,0.0,0.0
1650,1650.0,1650.0,1650.0,1650.0,1650.0,1650.0,2014-08-06 00:00:00+05:30,112.83387216924838,115.814802008277,112.83387216924838,113.86053466796876,4745,0.0,0.0
1651,1651.0,1651.0,1651.0,1651.0,1651.0,1651.0,2014-08-07 00:00:00+05:30,115.27444348531596,116.12999324720164,113.6533938754468,114.42789459228516,17605,0.0,0.0
1652,1652.0,1652.0,1652.0,1652.0,1652.0,1652.0,2014-08-08 00:00:00+05:30,114.37386059595114,116.1750237549425,113.47327901645546,114.6260223388672,10815,0.0,0.0
1653,1653.0,1653.0,1653.0,1653.0,1653.0,1653.0,2014-08-11 00:00:00+05:30,117.05757434577625,117.05757434577625,114.19373189847708,114.24776458740234,4065,0.0,0.0
1654,1654.0,1654.0,1654.0,1654.0,1654.0,1654.0,2014-08-12 00:00:00+05:30,117.03957799681756,117.03957799681756,110.77152469916324,113.22110748291016,14635,0.0,0.0
1655,1655.0,1655.0,1655.0,1655.0,1655.0,1655.0,2014-08-13 00:00:00+05:30,113.47327460012129,113.47327460012129,108.06978533344883,111.67211151123048,7130,0.0,0.0
1656,1656.0,1656.0,1656.0,1656.0,1656.0,1656.0,2014-08-14 00:00:00+05:30,110.7805363555876,113.29315965846668,109.87094708293654,112.392578125,6920,0.0,0.0
1657,1657.0,1657.0,1657.0,1657.0,1657.0,1657.0,2014-08-18 00:00:00+05:30,111.4919963818534,111.67210993985128,108.0697838127593,109.83492279052734,6385,0.0,0.0
1658,1658.0,1658.0,1658.0,1658.0,1658.0,1658.0,2014-08-19 00:00:00+05:30,109.87096133670327,111.53703601558132,109.11447604847908,110.38429260253906,3120,0.0,0.0
1659,1659.0,1659.0,1659.0,1659.0,1659.0,1659.0,2014-08-20 00:00:00+05:30,109.69084681433306,111.65411506998836,108.79026517175524,111.3118896484375,5725,0.0,0.0
1660,1660.0,1660.0,1660.0,1660.0,1660.0,1660.0,2014-08-21 00:00:00+05:30,108.97037597182693,111.13177323304993,107.16921273262318,110.0510711669922,13240,0.0,0.0
1661,1661.0,1661.0,1661.0,1661.0,1661.0,1661.0,2014-08-22 00:00:00+05:30,110.0510623526414,110.6634580797576,107.34931771022735,109.8709487915039,5445,0.0,0.0
1662,1662.0,1662.0,1662.0,1662.0,1662.0,1662.0,2014-08-25 00:00:00+05:30,109.8709505038693,112.0323476256648,109.8709505038693,110.80755615234376,14915,0.0,0.0
1663,1663.0,1663.0,1663.0,1663.0,1663.0,1663.0,2014-08-26 00:00:00+05:30,110.95163916216232,112.74380131214208,109.87094409970224,111.6540985107422,6945,0.0,0.0
1664,1664.0,1664.0,1664.0,1664.0,1664.0,1664.0,2014-08-27 00:00:00+05:30,112.57269937851471,112.57269937851471,111.8162141367194,112.13141632080078,6870,0.0,0.0
1665,1665.0,1665.0,1665.0,1665.0,1665.0,1665.0,2014-08-28 00:00:00+05:30,113.47327651227684,118.48050778508552,113.47327651227684,117.69700622558594,38725,0.0,0.0
1666,1666.0,1666.0,1666.0,1666.0,1666.0,1666.0,2014-09-01 00:00:00+05:30,118.51652519629089,130.3951830668519,118.51652519629089,129.73776245117188,125500,0.0,0.0
1667,1667.0,1667.0,1667.0,1667.0,1667.0,1667.0,2014-09-02 00:00:00+05:30,131.12467072092753,131.4668823434464,127.8915727211633,129.46759033203125,68360,0.0,0.0
1668,1668.0,1668.0,1668.0,1668.0,1668.0,1668.0,2014-09-03 00:00:00+05:30,129.683727614933,130.2240819767081,122.47907608077006,126.15345001220705,16160,0.0,0.0
1669,1669.0,1669.0,1669.0,1669.0,1669.0,1669.0,2014-09-04 00:00:00+05:30,125.89229362698042,134.32173780597222,125.89229362698042,132.3674774169922,61365,0.0,0.0
1670,1670.0,1670.0,1670.0,1670.0,1670.0,1670.0,2014-09-05 00:00:00+05:30,134.04255519503542,134.18665154169895,131.1246797549107,132.46653747558594,78705,0.0,0.0
1671,1671.0,1671.0,1671.0,1671.0,1671.0,1671.0,2014-09-08 00:00:00+05:30,133.28606768374837,134.6909726849727,128.0446765341826,128.6750946044922,31712,0.0,2.0
1672,1672.0,1672.0,1672.0,1672.0,1672.0,1672.0,2014-09-09 00:00:00+05:30,128.92726421427832,128.96328143163055,126.15347125748232,127.77452087402344,16200,0.0,0.0
1673,1673.0,1673.0,1673.0,1673.0,1673.0,1673.0,2014-09-10 00:00:00+05:30,123.9200196870333,129.3235086778903,123.55977884257295,124.49639129638672,12050,0.0,0.0
1674,1674.0,1674.0,1674.0,1674.0,1674.0,1674.0,2014-09-11 00:00:00+05:30,128.72911348534157,129.17940420622676,125.00070686608352,126.15345001220705,15230,0.0,0.0
1675,1675.0,1675.0,1675.0,1675.0,1675.0,1675.0,2014-09-12 00:00:00+05:30,123.92002909065008,145.89421382425655,123.92002909065008,143.69679260253906,118852,0.0,0.0
1676,1676.0,1676.0,1676.0,1676.0,1676.0,1676.0,2014-09-15 00:00:00+05:30,141.57144063164912,147.69539894606262,135.1412878369615,144.4172821044922,22142,0.0,0.0
1677,1677.0,1677.0,1677.0,1677.0,1677.0,1677.0,2014-09-16 00:00:00+05:30,142.83224079173715,145.85819538044558,126.45966089907674,132.061279296875,9005,0.0,0.0
1678,1678.0,1678.0,1678.0,1678.0,1678.0,1678.0,2014-09-17 00:00:00+05:30,138.32933061697693,138.32933061697693,127.88257921274352,136.47412109375,10525,0.0,0.0
1679,1679.0,1679.0,1679.0,1679.0,1679.0,1679.0,2014-09-18 00:00:00+05:30,138.68957122995587,146.25445143669396,138.32934407412458,143.7328338623047,14467,0.0,0.0
1680,1680.0,1680.0,1680.0,1680.0,1680.0,1680.0,2014-09-19 00:00:00+05:30,147.69538767561593,149.4965509399527,136.72630999186185,143.2104949951172,11037,0.0,0.0
1681,1681.0,1681.0,1681.0,1681.0,1681.0,1681.0,2014-09-22 00:00:00+05:30,144.11106453350934,147.33514815512186,140.86896543306548,145.02964782714844,11065,0.0,0.0
1682,1682.0,1682.0,1682.0,1682.0,1682.0,1682.0,2014-09-23 00:00:00+05:30,145.2818274312766,147.69537947542833,144.09305314675933,144.63340759277344,25505,0.0,0.0
1683,1683.0,1683.0,1683.0,1683.0,1683.0,1683.0,2014-09-24 00:00:00+05:30,147.2991153041991,147.2991153041991,136.96044301511014,142.6341094970703,5730,0.0,0.0
1684,1684.0,1684.0,1684.0,1684.0,1684.0,1684.0,2014-09-25 00:00:00+05:30,144.92157335641298,144.92157335641298,134.0065299718685,138.88768005371094,12767,0.0,0.0
1685,1685.0,1685.0,1685.0,1685.0,1685.0,1685.0,2014-09-26 00:00:00+05:30,139.7702358119879,144.09302944365396,127.18011121204763,138.61749267578125,11677,0.0,0.0
1686,1686.0,1686.0,1686.0,1686.0,1686.0,1686.0,2014-09-29 00:00:00+05:30,140.49071131546776,142.2918742810507,129.68373352197025,139.51808166503906,7627,0.0,0.0
1687,1687.0,1687.0,1687.0,1687.0,1687.0,1687.0,2014-09-30 00:00:00+05:30,138.95971681494925,142.94028506985205,133.32206829203722,137.9150390625,6995,0.0,0.0
1688,1688.0,1688.0,1688.0,1688.0,1688.0,1688.0,2014-10-01 00:00:00+05:30,142.29187341911256,144.09303637378488,136.88838455509563,137.3026580810547,4875,0.0,0.0
1689,1689.0,1689.0,1689.0,1689.0,1689.0,1689.0,2014-10-07 00:00:00+05:30,142.83225998645557,142.83225998645557,131.4849253184251,132.1873779296875,6010,0.0,0.0
1690,1690.0,1690.0,1690.0,1690.0,1690.0,1690.0,2014-10-08 00:00:00+05:30,134.60091701745864,135.08722498100568,128.04467105594,130.1700439453125,5075,0.0,0.0
1691,1691.0,1691.0,1691.0,1691.0,1691.0,1691.0,2014-10-09 00:00:00+05:30,133.25006704360777,136.88841086494844,130.04398482498686,130.4222412109375,46120,0.0,0.0
1692,1692.0,1692.0,1692.0,1692.0,1692.0,1692.0,2014-10-10 00:00:00+05:30,129.0533354097881,134.00653380223662,128.24280379140822,131.57496643066406,1795,0.0,0.0
1693,1693.0,1693.0,1693.0,1693.0,1693.0,1693.0,2014-10-13 00:00:00+05:30,127.88255307296518,136.88836666965287,127.88255307296518,136.36602783203125,8122,0.0,0.0
1694,1694.0,1694.0,1694.0,1694.0,1694.0,1694.0,2014-10-14 00:00:00+05:30,136.16791310672727,137.9690760148633,131.50290777071052,133.340087890625,7940,0.0,0.0
1695,1695.0,1695.0,1695.0,1695.0,1695.0,1695.0,2014-10-15 00:00:00+05:30,133.340087890625,133.340087890625,133.340087890625,133.340087890625,0,0.0,0.0
1696,1696.0,1696.0,1696.0,1696.0,1696.0,1696.0,2014-10-16 00:00:00+05:30,130.94455643126165,133.28607403947976,126.62177583421952,128.81918334960938,10227,0.0,0.0
1697,1697.0,1697.0,1697.0,1697.0,1697.0,1697.0,2014-10-17 00:00:00+05:30,130.5483318564342,133.6463214225124,126.80190861242173,131.44891357421875,11550,0.0,0.0
1698,1698.0,1698.0,1698.0,1698.0,1698.0,1698.0,2014-10-20 00:00:00+05:30,132.49353679033757,133.6462799318886,130.04395417909612,130.8905029296875,9137,0.0,0.0
1699,1699.0,1699.0,1699.0,1699.0,1699.0,1699.0,2014-10-21 00:00:00+05:30,129.68376825882515,136.83438934622677,125.39700419953492,129.1254119873047,9537,0.0,0.0
1700,1700.0,1700.0,1700.0,1700.0,1700.0,1700.0,2014-10-22 00:00:00+05:30,130.74642887488764,137.80699899692053,127.52235886966946,133.06993103027344,26395,0.0,0.0
1701,1701.0,1701.0,1701.0,1701.0,1701.0,1701.0,2014-10-27 00:00:00+05:30,139.41004475480034,140.8509671764622,136.54618790893943,138.1132049560547,12230,0.0,0.0
1702,1702.0,1702.0,1702.0,1702.0,1702.0,1702.0,2014-10-28 00:00:00+05:30,141.5714373890156,141.5714373890156,127.52237142198145,132.1873779296875,46697,0.0,0.0
1703,1703.0,1703.0,1703.0,1703.0,1703.0,1703.0,2014-10-29 00:00:00+05:30,132.56559185344187,133.6462868871652,125.72118081200573,127.34221649169922,22022,0.0,0.0
1704,1704.0,1704.0,1704.0,1704.0,1704.0,1704.0,2014-10-30 00:00:00+05:30,127.54034571663892,128.116717318309,126.08140810592658,127.3962631225586,14055,0.0,0.0
1705,1705.0,1705.0,1705.0,1705.0,1705.0,1705.0,2014-10-31 00:00:00+05:30,127.88257628249012,128.78315780560624,124.64047730255866,125.93731689453124,12567,0.0,0.0
1706,1706.0,1706.0,1706.0,1706.0,1706.0,1706.0,2014-11-03 00:00:00+05:30,126.44164813052112,129.6477300932279,124.80259680330332,125.55908203125,9862,0.0,0.0
1707,1707.0,1707.0,1707.0,1707.0,1707.0,1707.0,2014-11-05 00:00:00+05:30,123.57779776561598,128.60304431623186,122.11886009477972,125.41497802734376,12175,0.0,0.0
1708,1708.0,1708.0,1708.0,1708.0,1708.0,1708.0,2014-11-07 00:00:00+05:30,128.24281596405186,128.24281596405186,120.67793592515882,122.92938995361328,31035,0.0,0.0
1709,1709.0,1709.0,1709.0,1709.0,1709.0,1709.0,2014-11-10 00:00:00+05:30,122.94740820099952,123.75792617277338,118.15630732454744,122.15489196777344,17390,0.0,0.0
1710,1710.0,1710.0,1710.0,1710.0,1710.0,1710.0,2014-11-11 00:00:00+05:30,118.15628377641502,127.16209829812016,118.15628377641502,124.15415954589844,15875,0.0,0.0
1711,1711.0,1711.0,1711.0,1711.0,1711.0,1711.0,2014-11-12 00:00:00+05:30,125.39697279486288,126.1894751691094,124.01006959181105,124.49639129638672,10185,0.0,0.0
1712,1712.0,1712.0,1712.0,1712.0,1712.0,1712.0,2014-11-13 00:00:00+05:30,126.08139812082484,126.08139812082484,122.47907246022984,124.28023529052734,10600,0.0,0.0
1713,1713.0,1713.0,1713.0,1713.0,1713.0,1713.0,2014-11-14 00:00:00+05:30,124.28024281718248,127.8825686959414,123.27159596850043,125.84725952148438,18895,0.0,0.0
1714,1714.0,1714.0,1714.0,1714.0,1714.0,1714.0,2014-11-17 00:00:00+05:30,124.28024506224912,127.90058648350082,123.92001796457896,126.44163513183594,16535,0.0,0.0
1715,1715.0,1715.0,1715.0,1715.0,1715.0,1715.0,2014-11-18 00:00:00+05:30,126.63978071693546,138.6895669720041,126.08142452000372,136.04185485839844,17642,0.0,0.0
1716,1716.0,1716.0,1716.0,1716.0,1716.0,1716.0,2014-11-19 00:00:00+05:30,137.4287420053669,139.7522301759813,132.02525302075406,133.826416015625,20397,0.0,0.0
1717,1717.0,1717.0,1717.0,1717.0,1717.0,1717.0,2014-11-20 00:00:00+05:30,134.3667552680625,134.3667552680625,131.48489725467283,133.59225463867188,9617,0.0,0.0
1718,1718.0,1718.0,1718.0,1718.0,1718.0,1718.0,2014-11-21 00:00:00+05:30,133.6283058503546,138.56348930527204,132.56561238763945,133.8444366455078,12007,0.0,0.0
1719,1719.0,1719.0,1719.0,1719.0,1719.0,1719.0,2014-11-24 00:00:00+05:30,134.36677151337,137.60887075902633,133.30409182505102,135.62759399414062,9080,0.0,0.0
1720,1720.0,1720.0,1720.0,1720.0,1720.0,1720.0,2014-11-25 00:00:00+05:30,135.37540199118965,135.37540199118965,125.3789430026862,129.7017364501953,16025,0.0,0.0
1721,1721.0,1721.0,1721.0,1721.0,1721.0,1721.0,2014-11-26 00:00:00+05:30,129.68375848923515,133.2860851139361,126.4596745111135,131.07064819335938,15650,0.0,0.0
1722,1722.0,1722.0,1722.0,1722.0,1722.0,1722.0,2014-11-27 00:00:00+05:30,130.78245473914876,133.28607036696937,126.65778956121088,128.27883911132812,15095,0.0,0.0
1723,1723.0,1723.0,1723.0,1723.0,1723.0,1723.0,2014-11-28 00:00:00+05:30,135.08723102799286,135.08723102799286,131.48490486724637,133.21401977539062,13595,0.0,0.0
1724,1724.0,1724.0,1724.0,1724.0,1724.0,1724.0,2014-12-01 00:00:00+05:30,133.34009474718687,143.37257211171934,130.4042040029986,130.45823669433594,11237,0.0,0.0
1725,1725.0,1725.0,1725.0,1725.0,1725.0,1725.0,2014-12-02 00:00:00+05:30,132.94385535847965,133.46619435106786,128.6030590627826,129.0713653564453,9182,0.0,0.0
1726,1726.0,1726.0,1726.0,1726.0,1726.0,1726.0,2014-12-03 00:00:00+05:30,129.68374619468992,131.48490933628284,129.32351906308503,129.9178924560547,116082,0.0,0.0
1727,1727.0,1727.0,1727.0,1727.0,1727.0,1727.0,2014-12-04 00:00:00+05:30,130.6023489036038,133.64630540037723,130.58433342370765,133.25006103515625,44437,0.0,0.0
1728,1728.0,1728.0,1728.0,1728.0,1728.0,1728.0,2014-12-05 00:00:00+05:30,133.28607097424958,139.7702554624779,129.7197619477428,136.88839721679688,96840,0.0,0.0
1729,1729.0,1729.0,1729.0,1729.0,1729.0,1729.0,2014-12-08 00:00:00+05:30,150.57725699234877,160.2675248469603,132.20539586998186,135.5735626220703,89625,0.0,0.0
1730,1730.0,1730.0,1730.0,1730.0,1730.0,1730.0,2014-12-09 00:00:00+05:30,133.2860758438377,140.8509557328552,133.2860758438377,137.14056396484375,645540,0.0,0.0
1731,1731.0,1731.0,1731.0,1731.0,1731.0,1731.0,2014-12-10 00:00:00+05:30,137.2486166068966,147.69536761805793,133.68232152322508,145.46192932128906,78855,0.0,0.0
1732,1732.0,1732.0,1732.0,1732.0,1732.0,1732.0,2014-12-11 00:00:00+05:30,144.45325621925355,144.8134970371806,137.2846357147819,142.21981811523438,20860,0.0,0.0
1733,1733.0,1733.0,1733.0,1733.0,1733.0,1733.0,2014-12-12 00:00:00+05:30,142.85025133351164,149.49654804770233,141.93166798055665,143.8408966064453,90552,0.0,0.0
1734,1734.0,1734.0,1734.0,1734.0,1734.0,1734.0,2014-12-15 00:00:00+05:30,143.7688351131567,145.53398096096433,137.4647643937894,140.7068634033203,15400,0.0,0.0
1735,1735.0,1735.0,1735.0,1735.0,1735.0,1735.0,2014-12-16 00:00:00+05:30,140.49070249117617,140.49070249117617,135.1772775731586,137.9150390625,13230,0.0,0.0
1736,1736.0,1736.0,1736.0,1736.0,1736.0,1736.0,2014-12-17 00:00:00+05:30,139.0317731503687,139.04977488586832,128.24279713592674,134.97915649414062,31852,0.0,0.0
1737,1737.0,1737.0,1737.0,1737.0,1737.0,1737.0,2014-12-18 00:00:00+05:30,136.36605175335015,140.13048964284903,135.80769560977865,137.44674682617188,3262,0.0,0.0
1738,1738.0,1738.0,1738.0,1738.0,1738.0,1738.0,2014-12-19 00:00:00+05:30,136.52818279379426,136.81636177428663,131.8451472492788,132.97988891601562,13212,0.0,0.0
1739,1739.0,1739.0,1739.0,1739.0,1739.0,1739.0,2014-12-22 00:00:00+05:30,133.19601677647807,136.1679388859002,131.89919078020364,133.8444366455078,8777,0.0,0.0
1740,1740.0,1740.0,1740.0,1740.0,1740.0,1740.0,2014-12-23 00:00:00+05:30,132.9798595431051,135.10523230419713,131.4848910455187,134.72698974609375,9897,0.0,0.0
1741,1741.0,1741.0,1741.0,1741.0,1741.0,1741.0,2014-12-24 00:00:00+05:30,133.64630693997043,133.6643224200741,131.5389492467465,131.8631591796875,1110,0.0,0.0
1742,1742.0,1742.0,1742.0,1742.0,1742.0,1742.0,2014-12-26 00:00:00+05:30,131.48490433249606,132.92584028764784,127.88257818640028,129.1433868408203,6180,0.0,0.0
1743,1743.0,1743.0,1743.0,1743.0,1743.0,1743.0,2014-12-29 00:00:00+05:30,130.02593740447566,132.4935214649755,128.2427764690162,129.8998565673828,4755,0.0,0.0
1744,1744.0,1744.0,1744.0,1744.0,1744.0,1744.0,2014-12-30 00:00:00+05:30,130.76443098147533,132.20536687741537,127.16210498340833,130.6923828125,3862,0.0,0.0
1745,1745.0,1745.0,1745.0,1745.0,1745.0,1745.0,2014-12-31 00:00:00+05:30,129.68374661691885,136.16793119940797,126.171483976091,134.27671813964844,8467,0.0,0.0
1746,1746.0,1746.0,1746.0,1746.0,1746.0,1746.0,2015-01-01 00:00:00+05:30,135.08723490947003,135.08723490947003,132.8898136895905,133.28607177734375,970,0.0,0.0
1747,1747.0,1747.0,1747.0,1747.0,1747.0,1747.0,2015-01-02 00:00:00+05:30,134.36677963545884,141.931673752005,133.66432704673616,137.46478271484375,13282,0.0,0.0
1748,1748.0,1748.0,1748.0,1748.0,1748.0,1748.0,2015-01-05 00:00:00+05:30,133.28609789104132,146.2544694864279,133.28609789104132,143.8589324951172,71377,0.0,0.0
1749,1749.0,1749.0,1749.0,1749.0,1749.0,1749.0,2015-01-06 00:00:00+05:30,144.09306528707003,144.45329245357348,136.88841202271652,138.167236328125,22420,0.0,0.0
1750,1750.0,1750.0,1750.0,1750.0,1750.0,1750.0,2015-01-07 00:00:00+05:30,143.19245468870366,143.19245468870366,133.28605845237826,137.2486114501953,17852,0.0,0.0
1751,1751.0,1751.0,1751.0,1751.0,1751.0,1751.0,2015-01-08 00:00:00+05:30,143.1564504228283,143.1564504228283,138.32933272508362,139.21189880371094,21282,0.0,0.0
1752,1752.0,1752.0,1752.0,1752.0,1752.0,1752.0,2015-01-09 00:00:00+05:30,141.2112052312828,141.2112052312828,136.88841057018308,138.7436065673828,9250,0.0,0.0
1753,1753.0,1753.0,1753.0,1753.0,1753.0,1753.0,2015-01-12 00:00:00+05:30,138.6895630351743,143.01235735865347,138.6895630351743,142.12979125976562,9010,0.0,0.0
1754,1754.0,1754.0,1754.0,1754.0,1754.0,1754.0,2015-01-13 00:00:00+05:30,138.68956076389483,143.01235501658084,138.68956076389483,140.9590301513672,7187,0.0,0.0
1755,1755.0,1755.0,1755.0,1755.0,1755.0,1755.0,2015-01-14 00:00:00+05:30,138.04116422047943,142.760217355648,136.88842072424973,138.491455078125,6590,0.0,0.0
1756,1756.0,1756.0,1756.0,1756.0,1756.0,1756.0,2015-01-15 00:00:00+05:30,140.85094380018214,141.55339628428945,135.0872275865366,137.96908569335938,14645,0.0,0.0
1757,1757.0,1757.0,1757.0,1757.0,1757.0,1757.0,2015-01-16 00:00:00+05:30,138.7436212602887,141.17518922035163,135.7897142397729,136.99649047851562,8787,0.0,0.0
1758,1758.0,1758.0,1758.0,1758.0,1758.0,1758.0,2015-01-19 00:00:00+05:30,136.99645606734754,141.21118471567075,136.16792272012475,137.44674682617188,9052,0.0,0.0
1759,1759.0,1759.0,1759.0,1759.0,1759.0,1759.0,2015-01-20 00:00:00+05:30,140.49072058954994,141.21118857169924,136.8883944205871,138.0411376953125,11802,0.0,0.0
1760,1760.0,1760.0,1760.0,1760.0,1760.0,1760.0,2015-01-21 00:00:00+05:30,139.06778232433084,139.33795950081833,135.44744113967522,136.11387634277344,5705,0.0,0.0
1761,1761.0,1761.0,1761.0,1761.0,1761.0,1761.0,2015-01-22 00:00:00+05:30,135.08722386045767,140.05843754622177,135.08722386045767,138.7075653076172,83197,0.0,0.0
1762,1762.0,1762.0,1762.0,1762.0,1762.0,1762.0,2015-01-23 00:00:00+05:30,138.6895897401406,138.6895897401406,131.12470852375682,134.4388427734375,17067,0.0,0.0
1763,1763.0,1763.0,1763.0,1763.0,1763.0,1763.0,2015-01-27 00:00:00+05:30,138.67153902917886,138.67153902917886,132.2954201989186,133.6102752685547,7775,0.0,0.0
1764,1764.0,1764.0,1764.0,1764.0,1764.0,1764.0,2015-01-28 00:00:00+05:30,135.41143618442476,136.6722447997669,122.0107789389221,130.6383514404297,48085,0.0,0.0
1765,1765.0,1765.0,1765.0,1765.0,1765.0,1765.0,2015-01-29 00:00:00+05:30,127.86456352002894,131.84513228773105,114.62601759740664,119.05687713623048,201277,0.0,0.0
1766,1766.0,1766.0,1766.0,1766.0,1766.0,1766.0,2015-01-30 00:00:00+05:30,116.35514984646828,122.46109251332446,113.83352527499854,119.03887939453124,39070,0.0,0.0
1767,1767.0,1767.0,1767.0,1767.0,1767.0,1767.0,2015-02-02 00:00:00+05:30,118.87675651116751,118.87675651116751,113.8335015485084,115.59864044189452,9930,0.0,0.0
1768,1768.0,1768.0,1768.0,1768.0,1768.0,1768.0,2015-02-03 00:00:00+05:30,116.66131883341882,118.48049727010368,114.19373437379312,114.89618682861328,26907,0.0,0.0
1769,1769.0,1769.0,1769.0,1769.0,1769.0,1769.0,2015-02-04 00:00:00+05:30,114.3198395104758,115.36451754681912,104.43144974013109,112.2845230102539,85782,0.0,0.0
1770,1770.0,1770.0,1770.0,1770.0,1770.0,1770.0,2015-02-05 00:00:00+05:30,112.05036710158684,121.63255529573792,112.05036710158684,118.87677764892578,43230,0.0,0.0
1771,1771.0,1771.0,1771.0,1771.0,1771.0,1771.0,2015-02-06 00:00:00+05:30,119.9574665887998,120.49782104649184,115.27444500867914,118.01220703125,17905,0.0,0.0
1772,1772.0,1772.0,1772.0,1772.0,1772.0,1772.0,2015-02-09 00:00:00+05:30,113.85151358810744,120.22763236952784,108.46603997086464,117.3277587890625,16085,0.0,0.0
1773,1773.0,1773.0,1773.0,1773.0,1773.0,1773.0,2015-02-10 00:00:00+05:30,113.58134816156095,118.87676523010832,113.563332682766,117.8681182861328,12122,0.0,0.0
1774,1774.0,1774.0,1774.0,1774.0,1774.0,1774.0,2015-02-11 00:00:00+05:30,114.571992390939,120.6779345470358,114.2657910737019,118.82273864746094,5045,0.0,0.0
1775,1775.0,1775.0,1775.0,1775.0,1775.0,1775.0,2015-02-12 00:00:00+05:30,119.95746916154675,125.7211997806672,117.09362620299774,118.42648315429688,16635,0.0,0.0
1776,1776.0,1776.0,1776.0,1776.0,1776.0,1776.0,2015-02-13 00:00:00+05:30,121.398404069346,121.398404069346,114.33784065704162,118.39046478271484,4572,0.0,0.0
1777,1777.0,1777.0,1777.0,1777.0,1777.0,1777.0,2015-02-16 00:00:00+05:30,117.43582672081844,121.39839372169492,112.12240115860982,114.28379821777344,9082,0.0,0.0
1778,1778.0,1778.0,1778.0,1778.0,1778.0,1778.0,2015-02-18 00:00:00+05:30,113.49128361908603,115.99490609326608,111.6901205236682,115.31045532226562,24527,0.0,0.0
1779,1779.0,1779.0,1779.0,1779.0,1779.0,1779.0,2015-02-19 00:00:00+05:30,115.9949083163687,117.0756034459747,115.27444031603665,116.85945892333984,2640,0.0,0.0
1780,1780.0,1780.0,1780.0,1780.0,1780.0,1780.0,2015-02-20 00:00:00+05:30,115.34649995480356,117.07561508239075,114.91421773746038,116.69737243652344,17730,0.0,0.0
1781,1781.0,1781.0,1781.0,1781.0,1781.0,1781.0,2015-02-23 00:00:00+05:30,114.75210428554205,117.41783183221196,114.22976531552614,115.32847595214844,66412,0.0,0.0
1782,1782.0,1782.0,1782.0,1782.0,1782.0,1782.0,2015-02-24 00:00:00+05:30,115.29246114018186,117.05759339395648,113.1130484300377,113.56333923339844,137540,0.0,0.0
1783,1783.0,1783.0,1783.0,1783.0,1783.0,1783.0,2015-02-25 00:00:00+05:30,114.19375931974932,120.62391193979194,114.19375931974932,119.03887939453124,33967,0.0,0.0
1784,1784.0,1784.0,1784.0,1784.0,1784.0,1784.0,2015-02-26 00:00:00+05:30,118.51654591763076,118.51654591763076,111.67212015344744,114.7881317138672,1592,0.0,0.0
1785,1785.0,1785.0,1785.0,1785.0,1785.0,1785.0,2015-02-27 00:00:00+05:30,112.57269062452092,120.67792434948642,112.57269062452092,118.3184051513672,25135,0.0,0.0
1786,1786.0,1786.0,1786.0,1786.0,1786.0,1786.0,2015-03-02 00:00:00+05:30,113.83351609388836,120.64191769078668,113.83351609388836,117.39981842041016,1932,0.0,0.0
1787,1787.0,1787.0,1787.0,1787.0,1787.0,1787.0,2015-03-03 00:00:00+05:30,120.6419147651186,120.6419147651186,115.32847518651164,118.55255889892578,2512,0.0,0.0
1788,1788.0,1788.0,1788.0,1788.0,1788.0,1788.0,2015-03-04 00:00:00+05:30,115.31046179762416,118.8227382759942,115.27444458007812,115.27444458007812,2022,0.0,0.0
1789,1789.0,1789.0,1789.0,1789.0,1789.0,1789.0,2015-03-05 00:00:00+05:30,118.15630018270951,118.15630018270951,113.47327872953022,116.19303894042967,5605,0.0,0.0
1790,1790.0,1790.0,1790.0,1790.0,1790.0,1790.0,2015-03-09 00:00:00+05:30,113.47327995686494,117.79607432262624,113.14907003588824,115.70671844482422,51192,0.0,0.0
1791,1791.0,1791.0,1791.0,1791.0,1791.0,1791.0,2015-03-10 00:00:00+05:30,114.40989958237238,117.07562058030918,114.40989958237238,115.67071533203124,30115,0.0,0.0
1792,1792.0,1792.0,1792.0,1792.0,1792.0,1792.0,2015-03-11 00:00:00+05:30,115.29245361420548,115.99490612225128,113.90555720588016,115.45455169677734,39700,0.0,0.0
1793,1793.0,1793.0,1793.0,1793.0,1793.0,1793.0,2015-03-12 00:00:00+05:30,113.29316297272364,115.63466678316476,113.29316297272364,114.49993896484376,26270,0.0,0.0
1794,1794.0,1794.0,1794.0,1794.0,1794.0,1794.0,2015-03-13 00:00:00+05:30,117.39980100943512,117.4358182218601,111.67210230907266,114.04963684082033,16430,0.0,0.0
1795,1795.0,1795.0,1795.0,1795.0,1795.0,1795.0,2015-03-16 00:00:00+05:30,113.47328626585036,114.8781914209324,112.37457556933026,113.63539123535156,4357,0.0,0.0
1796,1796.0,1796.0,1796.0,1796.0,1796.0,1796.0,2015-03-17 00:00:00+05:30,113.8335105431987,114.91420566669969,111.04170908174449,111.70813751220705,4415,0.0,0.0
1797,1797.0,1797.0,1797.0,1797.0,1797.0,1797.0,2015-03-18 00:00:00+05:30,111.69012400452016,111.69012400452016,108.06978909309406,108.95236206054688,5092,0.0,0.0
1798,1798.0,1798.0,1798.0,1798.0,1798.0,1798.0,2015-03-19 00:00:00+05:30,110.95165487484832,113.43726211558176,106.35868990261169,109.85295104980467,3505,0.0,0.0
1799,1799.0,1799.0,1799.0,1799.0,1799.0,1799.0,2015-03-20 00:00:00+05:30,108.06978443774727,111.0597148656893,104.10722430085151,106.75493621826172,11097,0.0,0.0
1800,1800.0,1800.0,1800.0,1800.0,1800.0,1800.0,2015-03-23 00:00:00+05:30,106.66487356525155,109.06041674884752,101.44149819002833,107.54743957519533,42587,0.0,0.0
1801,1801.0,1801.0,1801.0,1801.0,1801.0,1801.0,2015-03-24 00:00:00+05:30,105.6382276778172,107.09716551732342,98.59567962402222,102.8104019165039,71305,0.0,0.0
1802,1802.0,1802.0,1802.0,1802.0,1802.0,1802.0,2015-03-25 00:00:00+05:30,105.54815376523034,107.349316845667,100.68501894476492,101.63963317871094,10712,0.0,0.0
1803,1803.0,1803.0,1803.0,1803.0,1803.0,1803.0,2015-03-26 00:00:00+05:30,100.86512419022472,104.4494414480338,100.5048902296528,102.3060531616211,196637,0.0,0.0
1804,1804.0,1804.0,1804.0,1804.0,1804.0,1804.0,2015-03-27 00:00:00+05:30,105.54815645828388,105.54815645828388,96.54234082631794,101.24337768554688,6417,0.0,0.0
1805,1805.0,1805.0,1805.0,1805.0,1805.0,1805.0,2015-03-30 00:00:00+05:30,102.66630026078175,116.94952468883908,101.2253711049843,113.7254409790039,36792,0.0,0.0
1806,1806.0,1806.0,1806.0,1806.0,1806.0,1806.0,2015-03-31 00:00:00+05:30,109.87095117423976,119.21899223709109,109.87095117423976,113.31117248535156,6120,0.0,0.0
1807,1807.0,1807.0,1807.0,1807.0,1807.0,1807.0,2015-04-01 00:00:00+05:30,113.11305513450344,120.31771528620398,112.78884518719563,118.44450378417967,3787,0.0,0.0
1808,1808.0,1808.0,1808.0,1808.0,1808.0,1808.0,2015-04-06 00:00:00+05:30,120.6779280010097,121.38038051241914,115.43653677087973,119.00284576416016,46295,0.0,0.0
1809,1809.0,1809.0,1809.0,1809.0,1809.0,1809.0,2015-04-07 00:00:00+05:30,117.07560774414448,125.1448249088954,117.02157504694812,124.64048767089844,11927,0.0,0.0
1810,1810.0,1810.0,1810.0,1810.0,1810.0,1810.0,2015-04-08 00:00:00+05:30,124.33428647612467,130.7284209717601,124.33428647612467,126.90995025634766,7997,0.0,0.0
1811,1811.0,1811.0,1811.0,1811.0,1811.0,1811.0,2015-04-09 00:00:00+05:30,126.49569951924867,129.64773516751168,125.7211987817184,126.6217803955078,58235,0.0,0.0
1812,1812.0,1812.0,1812.0,1812.0,1812.0,1812.0,2015-04-10 00:00:00+05:30,122.94742717776828,127.43232054793876,121.0201827382342,122.89339447021484,4167,0.0,0.0
1813,1813.0,1813.0,1813.0,1813.0,1813.0,1813.0,2015-04-13 00:00:00+05:30,125.39696747449088,127.84655014575723,125.0727575991238,125.90129089355467,9110,0.0,0.0
1814,1814.0,1814.0,1814.0,1814.0,1814.0,1814.0,2015-04-15 00:00:00+05:30,124.31629082811332,127.84658315667204,123.21759380533707,123.90203094482422,8690,0.0,0.0
1815,1815.0,1815.0,1815.0,1815.0,1815.0,1815.0,2015-04-16 00:00:00+05:30,124.28025242345988,126.00936732990267,117.7960680888535,120.71394348144533,2835,0.0,0.0
1816,1816.0,1816.0,1816.0,1816.0,1816.0,1816.0,2015-04-17 00:00:00+05:30,118.87675754834616,122.04680826400131,115.27443156203265,117.20167541503906,5902,0.0,0.0
1817,1817.0,1817.0,1817.0,1817.0,1817.0,1817.0,2015-04-20 00:00:00+05:30,117.07560382273807,118.87676695847252,111.67211441553478,115.86882781982422,12762,0.0,0.0
1818,1818.0,1818.0,1818.0,1818.0,1818.0,1818.0,2015-04-21 00:00:00+05:30,113.47327950027108,116.31912060163948,107.20523250476316,115.23841857910156,4612,0.0,0.0
1819,1819.0,1819.0,1819.0,1819.0,1819.0,1819.0,2015-04-22 00:00:00+05:30,115.18438588278694,115.2924581463084,113.83351350778372,115.23841857910156,3075,0.0,0.0
1820,1820.0,1820.0,1820.0,1820.0,1820.0,1820.0,2015-04-23 00:00:00+05:30,115.25643316752324,116.57128144452206,113.29316505619246,113.49128723144533,288967,0.0,0.0
1821,1821.0,1821.0,1821.0,1821.0,1821.0,1821.0,2015-04-24 00:00:00+05:30,114.87817014442209,117.76002810081582,111.3659079072208,114.04963684082033,166622,0.0,0.0
1822,1822.0,1822.0,1822.0,1822.0,1822.0,1822.0,2015-04-27 00:00:00+05:30,115.59864530015864,116.69735586191636,109.1865023574613,113.5813446044922,6350,0.0,0.0
1823,1823.0,1823.0,1823.0,1823.0,1823.0,1823.0,2015-04-28 00:00:00+05:30,115.6346709791082,118.13828670688994,111.70814155706913,117.68799591064452,5057,0.0,0.0
1824,1824.0,1824.0,1824.0,1824.0,1824.0,1824.0,2015-04-29 00:00:00+05:30,118.87676448972856,120.69594306674055,115.99490628075858,120.659912109375,2800,0.0,0.0
1825,1825.0,1825.0,1825.0,1825.0,1825.0,1825.0,2015-04-30 00:00:00+05:30,118.98484172063834,122.11887571774125,117.45385568303855,118.9308090209961,2360,0.0,0.0
1826,1826.0,1826.0,1826.0,1826.0,1826.0,1826.0,2015-05-04 00:00:00+05:30,119.25499591562412,122.47907920850906,119.25499591562412,120.497802734375,2265,0.0,0.0
1827,1827.0,1827.0,1827.0,1827.0,1827.0,1827.0,2015-05-05 00:00:00+05:30,121.74063643819797,122.47912008180788,120.67795655119306,121.6686019897461,732,0.0,0.0
1828,1828.0,1828.0,1828.0,1828.0,1828.0,1828.0,2015-05-06 00:00:00+05:30,120.8580355476017,120.8580355476017,114.55396499565155,116.76940155029295,9617,0.0,0.0
1829,1829.0,1829.0,1829.0,1829.0,1829.0,1829.0,2015-05-07 00:00:00+05:30,116.71537660667184,118.8767668712537,113.1130434669539,113.45526885986328,5362,0.0,0.0
1830,1830.0,1830.0,1830.0,1830.0,1830.0,1830.0,2015-05-08 00:00:00+05:30,116.71536538798972,116.71536538798972,113.5453147284287,113.99560546875,1467,0.0,0.0
1831,1831.0,1831.0,1831.0,1831.0,1831.0,1831.0,2015-05-11 00:00:00+05:30,115.27444327793344,117.07560645415116,115.27444327793344,115.47257232666016,2032,0.0,0.0
1832,1832.0,1832.0,1832.0,1832.0,1832.0,1832.0,2015-05-12 00:00:00+05:30,115.99490946973992,118.15629975044328,113.11304431064852,114.9142074584961,2462,0.0,0.0
1833,1833.0,1833.0,1833.0,1833.0,1833.0,1833.0,2015-05-13 00:00:00+05:30,115.6346623779018,119.59722933518616,114.75209633060804,117.79606628417967,3675,0.0,0.0
1834,1834.0,1834.0,1834.0,1834.0,1834.0,1834.0,2015-05-14 00:00:00+05:30,117.7960812347984,118.80472827400828,116.71538601538994,118.4084701538086,1095,0.0,0.0
1835,1835.0,1835.0,1835.0,1835.0,1835.0,1835.0,2015-05-15 00:00:00+05:30,118.87675956330926,118.87675956330926,111.67210746856324,113.02297973632812,29455,0.0,0.0
1836,1836.0,1836.0,1836.0,1836.0,1836.0,1836.0,2015-05-18 00:00:00+05:30,116.35513861902716,116.35513861902716,111.13176952228363,112.01433563232422,7580,0.0,0.0
1837,1837.0,1837.0,1837.0,1837.0,1837.0,1837.0,2015-05-19 00:00:00+05:30,118.87677682026954,118.87677682026954,110.2311944257012,111.3118896484375,8855,0.0,0.0
1838,1838.0,1838.0,1838.0,1838.0,1838.0,1838.0,2015-05-20 00:00:00+05:30,109.15048392812288,113.11304422454974,106.62885964559096,107.2952880859375,17907,0.0,0.0
1839,1839.0,1839.0,1839.0,1839.0,1839.0,1839.0,2015-05-21 00:00:00+05:30,109.7989020329461,109.7989020329461,105.06184797927386,106.50277709960938,5420,0.0,0.0
1840,1840.0,1840.0,1840.0,1840.0,1840.0,1840.0,2015-05-22 00:00:00+05:30,106.2686198852516,108.06978293415418,104.53950500731916,107.70954895019533,1247,0.0,0.0
1841,1841.0,1841.0,1841.0,1841.0,1841.0,1841.0,2015-05-25 00:00:00+05:30,107.70954294091638,108.06977690477724,104.50347509142657,104.8096694946289,4582,0.0,0.0
1842,1842.0,1842.0,1842.0,1842.0,1842.0,1842.0,2015-05-26 00:00:00+05:30,110.21317045937974,110.21317045937974,106.250617033845,107.2952880859375,5265,0.0,0.0
1843,1843.0,1843.0,1843.0,1843.0,1843.0,1843.0,2015-05-27 00:00:00+05:30,109.5107239583891,109.5107239583891,103.38677304587968,104.32337188720705,3930,0.0,0.0
1844,1844.0,1844.0,1844.0,1844.0,1844.0,1844.0,2015-05-28 00:00:00+05:30,106.98909663677723,106.98909663677723,102.77437448148862,103.35074615478516,1335,0.0,0.0
1845,1845.0,1845.0,1845.0,1845.0,1845.0,1845.0,2015-05-29 00:00:00+05:30,107.1872016263132,107.1872016263132,103.02651970641996,103.4047622680664,3422,0.0,0.0
1846,1846.0,1846.0,1846.0,1846.0,1846.0,1846.0,2015-06-01 00:00:00+05:30,103.0265221938972,103.0265221938972,97.60501786250305,98.93788146972656,8415,0.0,0.0
1847,1847.0,1847.0,1847.0,1847.0,1847.0,1847.0,2015-06-02 00:00:00+05:30,106.98909026834328,106.98909026834328,97.83917847533988,102.25202941894533,61235,0.0,0.0
1848,1848.0,1848.0,1848.0,1848.0,1848.0,1848.0,2015-06-03 00:00:00+05:30,99.1720398452629,105.15190061186804,99.1720398452629,101.7477035522461,35340,0.0,0.0
1849,1849.0,1849.0,1849.0,1849.0,1849.0,1849.0,2015-06-04 00:00:00+05:30,100.84712608866654,100.86513469666988,97.38888932620256,97.4609375,5697,0.0,0.0
1850,1850.0,1850.0,1850.0,1850.0,1850.0,1850.0,2015-06-05 00:00:00+05:30,100.82911212220144,103.74699449584485,97.33485809131722,99.1540298461914,4107,0.0,0.0
1851,1851.0,1851.0,1851.0,1851.0,1851.0,1851.0,2015-06-08 00:00:00+05:30,97.7311007083002,100.5048933589083,96.18210631012766,97.92922973632812,2995,0.0,0.0
1852,1852.0,1852.0,1852.0,1852.0,1852.0,1852.0,2015-06-09 00:00:00+05:30,96.90258756886152,100.82912425042564,96.90258756886152,97.80316925048828,6337,0.0,0.0
1853,1853.0,1853.0,1853.0,1853.0,1853.0,1853.0,2015-06-10 00:00:00+05:30,96.90257551629786,99.0639726575501,96.90257551629786,98.01929473876952,1872,0.0,0.0
1854,1854.0,1854.0,1854.0,1854.0,1854.0,1854.0,2015-06-11 00:00:00+05:30,97.98328739843186,98.84784496789597,93.19219324001024,93.37230682373048,190165,0.0,0.0
1855,1855.0,1855.0,1855.0,1855.0,1855.0,1855.0,2015-06-12 00:00:00+05:30,93.71451701007588,95.4616474738488,93.66048431396484,93.66048431396484,5695,0.0,0.0
1856,1856.0,1856.0,1856.0,1856.0,1856.0,1856.0,2015-06-15 00:00:00+05:30,94.0207182676926,95.10141341466344,90.41839194993342,91.2469253540039,12780,0.0,0.0
1857,1857.0,1857.0,1857.0,1857.0,1857.0,1857.0,2015-06-16 00:00:00+05:30,91.01277081013868,93.98469272462576,90.99476220202132,91.82329559326172,129742,0.0,0.0
1858,1858.0,1858.0,1858.0,1858.0,1858.0,1858.0,2015-06-17 00:00:00+05:30,92.21956021505709,95.53370088573686,91.8593261891564,93.53440856933594,2980,0.0,0.0
1859,1859.0,1859.0,1859.0,1859.0,1859.0,1859.0,2015-06-18 00:00:00+05:30,98.7037373813259,98.7037373813259,93.04808629650286,95.56971740722656,110867,0.0,0.0
1860,1860.0,1860.0,1860.0,1860.0,1860.0,1860.0,2015-06-19 00:00:00+05:30,94.7411724412393,102.12594497208882,94.7411724412393,100.90115356445312,8137,0.0,0.0
1861,1861.0,1861.0,1861.0,1861.0,1861.0,1861.0,2015-06-22 00:00:00+05:30,107.34932546505692,108.0697935034368,101.6576499487116,106.70091247558594,9210,0.0,0.0
1862,1862.0,1862.0,1862.0,1862.0,1862.0,1862.0,2015-06-23 00:00:00+05:30,102.70231886721862,109.87094704674512,102.70231886721862,105.62020111083984,10827,0.0,0.0
1863,1863.0,1863.0,1863.0,1863.0,1863.0,1863.0,2015-06-24 00:00:00+05:30,112.71680789902776,112.71680789902776,102.73836109997292,104.93577575683594,4735,0.0,0.0
1864,1864.0,1864.0,1864.0,1864.0,1864.0,1864.0,2015-06-25 00:00:00+05:30,105.18792055482842,105.18792055482842,101.94582170106644,103.09857177734376,1862,0.0,0.0
1865,1865.0,1865.0,1865.0,1865.0,1865.0,1865.0,2015-06-26 00:00:00+05:30,103.75617533484962,108.505581971701,103.20816875282723,107.53742980957033,1680,1.6,0.0
1866,1866.0,1866.0,1866.0,1866.0,1866.0,1866.0,2015-06-29 00:00:00+05:30,100.87001534239592,107.04423423541726,98.1665098510533,100.48640441894533,18232,0.0,0.0
1867,1867.0,1867.0,1867.0,1867.0,1867.0,1867.0,2015-06-30 00:00:00+05:30,104.030190435207,104.77913444983892,101.0161435404567,102.8793716430664,4335,0.0,0.0
1868,1868.0,1868.0,1868.0,1868.0,1868.0,1868.0,2015-07-01 00:00:00+05:30,104.46860131085108,107.40957903268816,100.50467966370222,103.59178924560548,1577,0.0,0.0
1869,1869.0,1869.0,1869.0,1869.0,1869.0,1869.0,2015-07-02 00:00:00+05:30,101.27186799310222,105.92994120443907,101.27186799310222,102.69669342041016,37752,0.0,0.0
1870,1870.0,1870.0,1870.0,1870.0,1870.0,1870.0,2015-07-03 00:00:00+05:30,103.99365856083618,106.45969192853028,103.75618646145716,105.49154663085938,7447,0.0,0.0
1871,1871.0,1871.0,1871.0,1871.0,1871.0,1871.0,2015-07-06 00:00:00+05:30,105.9482214954266,107.00770705515652,100.92481444176414,106.67890167236328,8140,0.0,0.0
1872,1872.0,1872.0,1872.0,1872.0,1872.0,1872.0,2015-07-07 00:00:00+05:30,106.02127974152404,108.14024366955012,106.02127974152404,106.27701568603516,1177,0.0,0.0
1873,1873.0,1873.0,1873.0,1873.0,1873.0,1873.0,2015-07-08 00:00:00+05:30,102.69672242154329,107.77492869636892,102.69672242154329,103.61006927490234,14695,0.0,0.0
1874,1874.0,1874.0,1874.0,1874.0,1874.0,1874.0,2015-07-09 00:00:00+05:30,104.1215302366853,104.13979410577014,103.39085004420248,103.68312072753906,5832,0.0,0.0
1875,1875.0,1875.0,1875.0,1875.0,1875.0,1875.0,2015-07-10 00:00:00+05:30,106.67889167154227,106.67889167154227,102.3313596597304,103.02550506591795,2887,0.0,0.0
1876,1876.0,1876.0,1876.0,1876.0,1876.0,1876.0,2015-07-13 00:00:00+05:30,105.91169004828208,105.92996088582304,104.85221142423832,105.21754455566406,2942,0.0,0.0
1877,1877.0,1877.0,1877.0,1877.0,1877.0,1877.0,2015-07-14 00:00:00+05:30,106.67889449860652,108.1402477859267,104.30418756739378,106.45968627929688,4910,0.0,0.0
1878,1878.0,1878.0,1878.0,1878.0,1878.0,1878.0,2015-07-15 00:00:00+05:30,106.4779697357424,106.66063630520289,104.26767219116928,105.94822692871094,5437,0.0,0.0
1879,1879.0,1879.0,1879.0,1879.0,1879.0,1879.0,2015-07-16 00:00:00+05:30,104.15806333137536,106.6789022913221,103.42738315019922,104.12152862548828,7037,0.0,0.0
1880,1880.0,1880.0,1880.0,1880.0,1880.0,1880.0,2015-07-17 00:00:00+05:30,103.75618003224244,104.8522002141895,103.57351348605896,104.10325622558594,2445,0.0,0.0
1881,1881.0,1881.0,1881.0,1881.0,1881.0,1881.0,2015-07-20 00:00:00+05:30,105.94821977199204,105.94821977199204,99.7374592739071,99.99320220947266,35505,0.0,0.0
1882,1882.0,1882.0,1882.0,1882.0,1882.0,1882.0,2015-07-21 00:00:00+05:30,101.1622782942859,102.29482620471916,98.27609949587738,98.73277282714844,10652,0.0,0.0
1883,1883.0,1883.0,1883.0,1883.0,1883.0,1883.0,2015-07-22 00:00:00+05:30,102.29483795166016,102.29483795166016,98.641450881958,102.29483795166016,14545,0.0,0.0
1884,1884.0,1884.0,1884.0,1884.0,1884.0,1884.0,2015-07-23 00:00:00+05:30,101.2170859284375,102.29483536548372,100.10280178542396,100.6142807006836,6410,0.0,0.0
1885,1885.0,1885.0,1885.0,1885.0,1885.0,1885.0,2015-07-24 00:00:00+05:30,97.65502265012208,104.12151863791726,97.54542551125633,100.46813201904295,3685,0.0,0.0
1886,1886.0,1886.0,1886.0,1886.0,1886.0,1886.0,2015-07-27 00:00:00+05:30,107.37304083652003,107.37304083652003,101.19882187334444,103.5369873046875,3252,0.0,0.0
1887,1887.0,1887.0,1887.0,1887.0,1887.0,1887.0,2015-07-28 00:00:00+05:30,105.58288277704668,105.58288277704668,102.49577327440892,103.08031463623048,3435,0.0,0.0
1888,1888.0,1888.0,1888.0,1888.0,1888.0,1888.0,2015-07-29 00:00:00+05:30,102.38615912672212,104.10325530612212,102.38615912672212,103.04376983642578,680,0.0,0.0
1889,1889.0,1889.0,1889.0,1889.0,1889.0,1889.0,2015-07-30 00:00:00+05:30,104.12152747944756,104.12152747944756,99.39039112752732,100.48640441894533,5665,0.0,0.0
1890,1890.0,1890.0,1890.0,1890.0,1890.0,1890.0,2015-07-31 00:00:00+05:30,102.29484602660644,102.98899157576348,100.6508189281512,101.0161590576172,1342,0.0,0.0
1891,1891.0,1891.0,1891.0,1891.0,1891.0,1891.0,2015-08-03 00:00:00+05:30,105.14448618140057,105.21754862954492,100.68734933529082,103.1716537475586,8532,0.0,0.0
1892,1892.0,1892.0,1892.0,1892.0,1892.0,1892.0,2015-08-04 00:00:00+05:30,103.756199576187,105.05315041592203,99.40866666893687,101.0161590576172,9807,0.0,0.0
1893,1893.0,1893.0,1893.0,1893.0,1893.0,1893.0,2015-08-05 00:00:00+05:30,105.03487228444544,105.03487228444544,101.19881886658736,101.61895751953124,15210,0.0,0.0
1894,1894.0,1894.0,1894.0,1894.0,1894.0,1894.0,2015-08-06 00:00:00+05:30,101.58242124103386,104.12152395591072,101.3814838518078,102.18522644042967,16875,0.0,0.0
1895,1895.0,1895.0,1895.0,1895.0,1895.0,1895.0,2015-08-07 00:00:00+05:30,103.73792070942636,106.67889822247854,95.17072413344265,101.72855377197266,46537,0.0,0.0
1896,1896.0,1896.0,1896.0,1896.0,1896.0,1896.0,2015-08-10 00:00:00+05:30,103.64658744722516,104.81567011805882,100.50467254314796,101.14401245117188,19345,0.0,0.0
1897,1897.0,1897.0,1897.0,1897.0,1897.0,1897.0,2015-08-11 00:00:00+05:30,101.60068670276044,102.29483215780748,99.3721254548974,101.03441619873048,10932,0.0,0.0
1898,1898.0,1898.0,1898.0,1898.0,1898.0,1898.0,2015-08-12 00:00:00+05:30,99.37212562663218,99.37212562663218,93.54496911072869,96.48594665527344,7845,0.0,0.0
1899,1899.0,1899.0,1899.0,1899.0,1899.0,1899.0,2015-08-13 00:00:00+05:30,98.64144263896318,113.25498969658736,92.10187698590089,104.61473083496094,19850,0.0,0.0
1900,1900.0,1900.0,1900.0,1900.0,1900.0,1900.0,2015-08-14 00:00:00+05:30,108.8709340049609,120.48870622724964,105.96649094938871,118.57068634033205,329330,0.0,0.0
1901,1901.0,1901.0,1901.0,1901.0,1901.0,1901.0,2015-08-17 00:00:00+05:30,120.9270925866696,127.39358863203287,119.0821423620394,120.78096771240234,91747,0.0,0.0
1902,1902.0,1902.0,1902.0,1902.0,1902.0,1902.0,2015-08-18 00:00:00+05:30,122.31537153284896,122.31537153284896,117.6755692639665,118.27838134765624,37545,0.0,0.0
1903,1903.0,1903.0,1903.0,1903.0,1903.0,1903.0,2015-08-19 00:00:00+05:30,120.2877528854903,120.2877528854903,116.90837301532878,117.87651824951172,14202,0.0,0.0
1904,1904.0,1904.0,1904.0,1904.0,1904.0,1904.0,2015-08-20 00:00:00+05:30,121.65777073061324,121.65777073061324,115.46528157187817,116.3238296508789,10987,0.0,0.0
1905,1905.0,1905.0,1905.0,1905.0,1905.0,1905.0,2015-08-21 00:00:00+05:30,115.08168725883846,121.65778088631622,111.42830036173248,114.95381927490234,46567,0.0,0.0
1906,1906.0,1906.0,1906.0,1906.0,1906.0,1906.0,2015-08-24 00:00:00+05:30,115.08168550015785,115.08168550015785,104.8522051319012,105.9299545288086,85797,0.0,0.0
1907,1907.0,1907.0,1907.0,1907.0,1907.0,1907.0,2015-08-25 00:00:00+05:30,111.37349450275164,126.91865863530596,100.83347315787088,109.58333587646484,78655,0.0,0.0
1908,1908.0,1908.0,1908.0,1908.0,1908.0,1908.0,2015-08-26 00:00:00+05:30,111.06296162416032,111.06296162416032,105.94822129989105,106.33182525634766,18785,0.0,0.0
1909,1909.0,1909.0,1909.0,1909.0,1909.0,1909.0,2015-08-27 00:00:00+05:30,110.69762186945891,112.81658602310148,109.61987243977886,112.17724609375,3327,0.0,0.0
1910,1910.0,1910.0,1910.0,1910.0,1910.0,1910.0,2015-08-28 00:00:00+05:30,113.21845945889535,113.21845945889535,98.69624510386488,107.4826431274414,42947,0.0,0.0
1911,1911.0,1911.0,1911.0,1911.0,1911.0,1911.0,2015-08-31 00:00:00+05:30,110.3322814513623,112.52430790317466,108.37772011858426,109.7294692993164,9785,0.0,0.0
1912,1912.0,1912.0,1912.0,1912.0,1912.0,1912.0,2015-09-01 00:00:00+05:30,111.06296296813628,111.75710844651664,107.77491607476604,110.44188690185548,8085,0.0,0.0
1913,1913.0,1913.0,1913.0,1913.0,1913.0,1913.0,2015-09-02 00:00:00+05:30,109.61987214503556,110.51495501200358,107.84798421633312,109.6016082763672,5340,0.0,0.0
1914,1914.0,1914.0,1914.0,1914.0,1914.0,1914.0,2015-09-03 00:00:00+05:30,108.15852068666686,113.21846252834266,105.58288312506264,110.56975555419922,7265,0.0,0.0
1915,1915.0,1915.0,1915.0,1915.0,1915.0,1915.0,2015-09-04 00:00:00+05:30,109.61987601199596,111.41004180908205,108.87093194108562,111.41004180908205,7345,0.0,0.0
1916,1916.0,1916.0,1916.0,1916.0,1916.0,1916.0,2015-09-07 00:00:00+05:30,111.75708957096012,111.75708957096012,107.40955784128418,107.93930053710938,7040,0.0,0.0
1917,1917.0,1917.0,1917.0,1917.0,1917.0,1917.0,2015-09-08 00:00:00+05:30,108.14024780672769,109.96694115829985,107.84797714920742,109.83907318115234,5847,0.0,0.0
1918,1918.0,1918.0,1918.0,1918.0,1918.0,1918.0,2015-09-09 00:00:00+05:30,111.61096190400032,113.25498872113616,110.478413967908,113.23672485351562,3887,0.0,0.0
1919,1919.0,1919.0,1919.0,1919.0,1919.0,1919.0,2015-09-10 00:00:00+05:30,111.26389762310993,113.78473653211016,110.53321745670094,111.09949493408205,2055,0.0,0.0
1920,1920.0,1920.0,1920.0,1920.0,1920.0,1920.0,2015-09-11 00:00:00+05:30,112.1589813232422,113.21845990740364,112.1589813232422,112.1589813232422,1135,0.0,0.0
1921,1921.0,1921.0,1921.0,1921.0,1921.0,1921.0,2015-09-14 00:00:00+05:30,111.42829920190265,112.1772432292825,110.33228593149198,110.7341537475586,3080,0.0,0.0
1922,1922.0,1922.0,1922.0,1922.0,1922.0,1922.0,2015-09-15 00:00:00+05:30,110.2044088870406,110.2044088870406,108.14024353027344,108.14024353027344,2982,0.0,0.0
1923,1923.0,1923.0,1923.0,1923.0,1923.0,1923.0,2015-09-16 00:00:00+05:30,118.18706607270823,118.18706607270823,107.7749185037517,107.79318237304688,4227,0.0,0.0
1924,1924.0,1924.0,1924.0,1924.0,1924.0,1924.0,2015-09-18 00:00:00+05:30,111.33696070921997,111.41003011536684,108.14024735725546,109.01705932617188,8570,0.0,0.0
1925,1925.0,1925.0,1925.0,1925.0,1925.0,1925.0,2015-09-21 00:00:00+05:30,111.4282964987092,112.88964981323252,106.67889648443776,109.6381378173828,12495,0.0,0.0
1926,1926.0,1926.0,1926.0,1926.0,1926.0,1926.0,2015-09-22 00:00:00+05:30,112.45124797489902,112.88965048773429,110.33228391410906,110.93508911132812,1635,0.0,0.0
1927,1927.0,1927.0,1927.0,1927.0,1927.0,1927.0,2015-09-23 00:00:00+05:30,110.69762097941836,117.71213111858154,109.6381423952569,112.1589813232422,2955,0.0,0.0
1928,1928.0,1928.0,1928.0,1928.0,1928.0,1928.0,2015-09-24 00:00:00+05:30,113.23673091988935,113.25499478848832,111.44656519275684,113.2184600830078,1740,0.0,0.0
1929,1929.0,1929.0,1929.0,1929.0,1929.0,1929.0,2015-09-28 00:00:00+05:30,113.21845832933252,113.25499303424716,109.60160616217466,112.14070892333984,2922,0.0,0.0
1930,1930.0,1930.0,1930.0,1930.0,1930.0,1930.0,2015-09-29 00:00:00+05:30,108.34119264766784,112.85312079818428,108.32292181065652,111.00816345214844,18027,0.0,0.0
1931,1931.0,1931.0,1931.0,1931.0,1931.0,1931.0,2015-09-30 00:00:00+05:30,110.71588760361958,120.52523613578512,110.69761676746155,112.7983169555664,14775,0.0,0.0
1932,1932.0,1932.0,1932.0,1932.0,1932.0,1932.0,2015-10-01 00:00:00+05:30,113.25500013007492,113.25500013007492,111.42830657958984,111.42830657958984,3525,0.0,0.0
1933,1933.0,1933.0,1933.0,1933.0,1933.0,1933.0,2015-10-05 00:00:00+05:30,113.23673101230249,113.23673101230249,109.63814265478425,111.46483612060548,7900,0.0,0.0
1934,1934.0,1934.0,1934.0,1934.0,1934.0,1934.0,2015-10-06 00:00:00+05:30,112.87139180282377,112.87139180282377,111.46483698701442,112.06764221191406,6122,0.0,0.0
1935,1935.0,1935.0,1935.0,1935.0,1935.0,1935.0,2015-10-07 00:00:00+05:30,112.15897190403317,112.88964504629992,111.4282917934844,112.25030517578124,3430,0.0,0.0
1936,1936.0,1936.0,1936.0,1936.0,1936.0,1936.0,2015-10-08 00:00:00+05:30,113.1819190968429,113.1819190968429,111.42829514078548,112.8896484375,1295,0.0,0.0
1937,1937.0,1937.0,1937.0,1937.0,1937.0,1937.0,2015-10-09 00:00:00+05:30,112.88965024602038,112.88965024602038,111.62923431396484,111.62923431396484,1575,0.0,0.0
1938,1938.0,1938.0,1938.0,1938.0,1938.0,1938.0,2015-10-12 00:00:00+05:30,113.21847150466652,113.23674234339124,111.61097914277022,111.8667221069336,1692,0.0,0.0
1939,1939.0,1939.0,1939.0,1939.0,1939.0,1939.0,2015-10-13 00:00:00+05:30,111.44656011438418,115.7940923125024,111.42829624661744,112.67044830322266,12497,0.0,0.0
1940,1940.0,1940.0,1940.0,1940.0,1940.0,1940.0,2015-10-14 00:00:00+05:30,112.88965024602038,113.2549903181224,111.4282969258946,111.62923431396484,15345,0.0,0.0
1941,1941.0,1941.0,1941.0,1941.0,1941.0,1941.0,2015-10-15 00:00:00+05:30,112.87138975794475,112.87138975794475,111.50136967275029,112.2685775756836,1442,0.0,0.0
1942,1942.0,1942.0,1942.0,1942.0,1942.0,1942.0,2015-10-16 00:00:00+05:30,112.8713865942724,112.8713865942724,111.42829713926145,112.68871307373048,3625,0.0,0.0
1943,1943.0,1943.0,1943.0,1943.0,1943.0,1943.0,2015-10-19 00:00:00+05:30,112.52431193418924,115.04515080601728,112.52431193418924,113.2915267944336,47010,0.0,0.0
1944,1944.0,1944.0,1944.0,1944.0,1944.0,1944.0,2015-10-20 00:00:00+05:30,113.29152432783796,113.63859356165254,111.92150429206347,113.25498962402344,8500,0.0,0.0
1945,1945.0,1945.0,1945.0,1945.0,1945.0,1945.0,2015-10-21 00:00:00+05:30,113.25499388614288,115.46529128798464,111.79364051997818,113.2001953125,17102,0.0,0.0
1946,1946.0,1946.0,1946.0,1946.0,1946.0,1946.0,2015-10-23 00:00:00+05:30,113.25499623832675,115.08168972604172,112.52431605592771,114.9903564453125,11280,0.0,0.0
1947,1947.0,1947.0,1947.0,1947.0,1947.0,1947.0,2015-10-26 00:00:00+05:30,115.0816804792414,115.09994434660668,111.42829379736072,112.04936981201172,28147,0.0,0.0
1948,1948.0,1948.0,1948.0,1948.0,1948.0,1948.0,2015-10-27 00:00:00+05:30,112.54257920711848,113.2367246361637,112.03110729533894,112.8896484375,805,0.0,0.0
1949,1949.0,1949.0,1949.0,1949.0,1949.0,1949.0,2015-10-28 00:00:00+05:30,111.7936365543307,112.87138593019922,109.12666588465008,111.39176177978516,18902,0.0,0.0
1950,1950.0,1950.0,1950.0,1950.0,1950.0,1950.0,2015-10-29 00:00:00+05:30,111.44656545514736,112.88965496775386,111.42830158650538,112.5243148803711,2660,0.0,0.0
1951,1951.0,1951.0,1951.0,1951.0,1951.0,1951.0,2015-10-30 00:00:00+05:30,113.254986683771,113.63859061144124,111.81189727783205,111.81189727783205,3312,0.0,0.0
1952,1952.0,1952.0,1952.0,1952.0,1952.0,1952.0,2015-11-02 00:00:00+05:30,113.23672328014726,113.23672328014726,111.5744326184876,112.6339111328125,2890,0.0,0.0
1953,1953.0,1953.0,1953.0,1953.0,1953.0,1953.0,2015-11-03 00:00:00+05:30,111.42830115133027,113.62033469878344,111.42830115133027,112.1589813232422,3415,0.0,0.0
1954,1954.0,1954.0,1954.0,1954.0,1954.0,1954.0,2015-11-04 00:00:00+05:30,113.23672016610392,114.97207321779,112.15897084576858,113.63858795166016,19275,0.0,0.0
1955,1955.0,1955.0,1955.0,1955.0,1955.0,1955.0,2015-11-05 00:00:00+05:30,114.18660950307456,114.89902583318714,111.42830533860597,112.81658935546876,5770,0.0,0.0
1956,1956.0,1956.0,1956.0,1956.0,1956.0,1956.0,2015-11-06 00:00:00+05:30,112.52430508215916,112.52430508215916,107.77490526459164,108.04891204833984,14835,0.0,0.0
1957,1957.0,1957.0,1957.0,1957.0,1957.0,1957.0,2015-11-09 00:00:00+05:30,113.25498136584515,113.25498136584515,104.30418166413502,107.06249237060548,9255,0.0,0.0
1958,1958.0,1958.0,1958.0,1958.0,1958.0,1958.0,2015-11-10 00:00:00+05:30,107.42783365375588,112.8896426255883,107.40956281882885,109.18145751953124,6882,0.0,0.0
1959,1959.0,1959.0,1959.0,1959.0,1959.0,1959.0,2015-11-13 00:00:00+05:30,110.8802999081009,111.77537584560017,108.23159286624096,111.42830657958984,4127,0.0,0.0
1960,1960.0,1960.0,1960.0,1960.0,1960.0,1960.0,2015-11-16 00:00:00+05:30,110.33228928076636,112.76178799229736,109.30933842058968,110.66109466552734,6665,0.0,0.0
1961,1961.0,1961.0,1961.0,1961.0,1961.0,1961.0,2015-11-17 00:00:00+05:30,112.88966871998248,115.44704267491876,110.69763489693474,112.3781967163086,6940,0.0,0.0
1962,1962.0,1962.0,1962.0,1962.0,1962.0,1962.0,2015-11-18 00:00:00+05:30,113.6203296938864,113.9856697637494,112.35990680127324,113.25498962402344,1647,0.0,0.0
1963,1963.0,1963.0,1963.0,1963.0,1963.0,1963.0,2015-11-19 00:00:00+05:30,110.69761984326745,114.71634681097142,110.69761984326745,112.96272277832033,6775,0.0,0.0
1964,1964.0,1964.0,1964.0,1964.0,1964.0,1964.0,2015-11-20 00:00:00+05:30,113.0540537298358,118.73507133477888,113.0540537298358,116.78050994873048,19527,0.0,0.0
1965,1965.0,1965.0,1965.0,1965.0,1965.0,1965.0,2015-11-23 00:00:00+05:30,116.89011518801126,118.66200306964969,114.33274160884405,116.56130981445312,11632,0.0,0.0
1966,1966.0,1966.0,1966.0,1966.0,1966.0,1966.0,2015-11-24 00:00:00+05:30,115.081686832479,120.56176715783512,115.081686832479,119.61189270019533,7837,0.0,0.0
1967,1967.0,1967.0,1967.0,1967.0,1967.0,1967.0,2015-11-26 00:00:00+05:30,119.10041569653504,121.27418551379264,117.2737221187565,118.35147857666016,8542,0.0,0.0
1968,1968.0,1968.0,1968.0,1968.0,1968.0,1968.0,2015-11-27 00:00:00+05:30,117.27372291112292,120.52524920825329,116.9083897677252,117.31026458740234,3455,0.0,0.0
1969,1969.0,1969.0,1969.0,1969.0,1969.0,1969.0,2015-11-30 00:00:00+05:30,111.79363117964384,118.0957244484907,111.79363117964384,118.07745361328124,3195,0.0,0.0
1970,1970.0,1970.0,1970.0,1970.0,1970.0,1970.0,2015-12-01 00:00:00+05:30,116.90838179461754,116.90838179461754,115.50182698995714,115.90370178222656,2110,0.0,0.0
1971,1971.0,1971.0,1971.0,1971.0,1971.0,1971.0,2015-12-02 00:00:00+05:30,116.26904078771088,117.63906087412563,112.21377910207286,114.95381927490234,3750,0.0,0.0
1972,1972.0,1972.0,1972.0,1972.0,1972.0,1972.0,2015-12-03 00:00:00+05:30,114.44233683157248,116.87183527157532,113.40112221895956,114.67980194091795,3097,0.0,0.0
1973,1973.0,1973.0,1973.0,1973.0,1973.0,1973.0,2015-12-04 00:00:00+05:30,114.35100083978034,116.90837431523904,113.65686238444674,114.62500762939452,5475,0.0,0.0
1974,1974.0,1974.0,1974.0,1974.0,1974.0,1974.0,2015-12-07 00:00:00+05:30,116.81704150127436,116.81704150127436,114.20486944492367,115.447021484375,3397,0.0,0.0
1975,1975.0,1975.0,1975.0,1975.0,1975.0,1975.0,2015-12-08 00:00:00+05:30,114.18660637000596,115.00861982967147,109.60160880120011,112.06764221191406,24872,0.0,0.0
1976,1976.0,1976.0,1976.0,1976.0,1976.0,1976.0,2015-12-09 00:00:00+05:30,113.25499552343008,114.64327949928584,111.79364213613913,112.17724609375,8262,0.0,0.0
1977,1977.0,1977.0,1977.0,1977.0,1977.0,1977.0,2015-12-10 00:00:00+05:30,113.2549967842819,115.8854329106899,110.40535242112789,113.60206604003906,8642,0.0,0.0
1978,1978.0,1978.0,1978.0,1978.0,1978.0,1978.0,2015-12-11 00:00:00+05:30,111.9945710250426,112.8713829908044,111.79363364300262,112.74351501464844,1855,0.0,0.0
1979,1979.0,1979.0,1979.0,1979.0,1979.0,1979.0,2015-12-14 00:00:00+05:30,112.52431418721184,119.81281717991445,111.42830090009768,117.41985321044922,15875,0.0,0.0
1980,1980.0,1980.0,1980.0,1980.0,1980.0,1980.0,2015-12-15 00:00:00+05:30,116.94490889954147,120.56176807384549,116.94490889954147,119.75801849365234,10937,0.0,0.0
1981,1981.0,1981.0,1981.0,1981.0,1981.0,1981.0,2015-12-16 00:00:00+05:30,119.100399626601,121.96830759929064,115.84888772672451,116.01329040527344,3872,0.0,0.0
1982,1982.0,1982.0,1982.0,1982.0,1982.0,1982.0,2015-12-17 00:00:00+05:30,117.27370753637145,135.17530794725528,117.27370753637145,128.98281860351562,134360,0.0,0.0
1983,1983.0,1983.0,1983.0,1983.0,1983.0,1983.0,2015-12-18 00:00:00+05:30,130.42590851153028,143.94344214421022,124.70834938321036,136.69146728515625,131550,0.0,0.0
1984,1984.0,1984.0,1984.0,1984.0,1984.0,1984.0,2015-12-21 00:00:00+05:30,138.3537354079722,138.42680480642798,133.71393313025155,135.52236938476562,10222,0.0,0.0
1985,1985.0,1985.0,1985.0,1985.0,1985.0,1985.0,2015-12-22 00:00:00+05:30,136.69146933308826,137.00200386373726,131.04697952688875,133.5678253173828,11602,0.0,0.0
1986,1986.0,1986.0,1986.0,1986.0,1986.0,1986.0,2015-12-23 00:00:00+05:30,136.96547201653743,136.96547201653743,129.65869869648145,135.13877868652344,48417,0.0,0.0
1987,1987.0,1987.0,1987.0,1987.0,1987.0,1987.0,2015-12-24 00:00:00+05:30,135.15703828444214,139.9247090859092,134.82823292101116,136.8193359375,14940,0.0,0.0
1988,1988.0,1988.0,1988.0,1988.0,1988.0,1988.0,2015-12-28 00:00:00+05:30,139.76032133400267,139.76032133400267,136.65493407212892,137.75096130371094,8170,0.0,0.0
1989,1989.0,1989.0,1989.0,1989.0,1989.0,1989.0,2015-12-29 00:00:00+05:30,136.9106586930786,138.95656022765098,135.57718037460015,138.17108154296875,9797,0.0,0.0
1990,1990.0,1990.0,1990.0,1990.0,1990.0,1990.0,2015-12-30 00:00:00+05:30,136.27132621605048,138.11629047074703,132.9467447522514,134.90130615234375,4187,0.0,0.0
1991,1991.0,1991.0,1991.0,1991.0,1991.0,1991.0,2015-12-31 00:00:00+05:30,135.1752868593961,136.25302907859012,132.28910847086652,133.45819091796875,2870,0.0,0.0
1992,1992.0,1992.0,1992.0,1992.0,1992.0,1992.0,2016-01-01 00:00:00+05:30,136.81934121738013,136.81934121738013,132.5266144277818,133.9879608154297,3790,0.0,0.0
1993,1993.0,1993.0,1993.0,1993.0,1993.0,1993.0,2016-01-04 00:00:00+05:30,135.17532254057957,138.82870963627093,125.32944543261668,126.62639617919922,19680,0.0,0.0
1994,1994.0,1994.0,1994.0,1994.0,1994.0,1994.0,2016-01-05 00:00:00+05:30,130.7181909966947,131.3392740745529,124.21516616873843,129.40296936035156,9380,0.0,0.0
1995,1995.0,1995.0,1995.0,1995.0,1995.0,1995.0,2016-01-06 00:00:00+05:30,129.69524263562388,132.98329661509703,124.17863422180322,126.1697235107422,15922,0.0,0.0
1996,1996.0,1996.0,1996.0,1996.0,1996.0,1996.0,2016-01-07 00:00:00+05:30,127.50321182515812,130.79125176194322,122.5711310151324,126.57159423828124,9432,0.0,0.0
1997,1997.0,1997.0,1997.0,1997.0,1997.0,1997.0,2016-01-08 00:00:00+05:30,125.36597068417576,128.9280313937416,123.8680825621236,127.04653930664062,2500,0.0,0.0
1998,1998.0,1998.0,1998.0,1998.0,1998.0,1998.0,2016-01-11 00:00:00+05:30,127.50317820994348,128.94625342975056,125.69474208809802,126.88209533691406,3927,0.0,0.0
1999,1999.0,1999.0,1999.0,1999.0,1999.0,1999.0,2016-01-12 00:00:00+05:30,126.77250444076532,131.88723677954354,126.06009524380492,128.0329132080078,26675,0.0,0.0
2000,2000.0,2000.0,2000.0,2000.0,2000.0,2000.0,2016-01-13 00:00:00+05:30,128.2338377175704,129.45773256869822,114.31444655311584,127.94157409667967,19915,0.0,0.0
2001,2001.0,2001.0,2001.0,2001.0,2001.0,2001.0,2016-01-14 00:00:00+05:30,122.38847519321943,126.77254276357344,112.59739606283657,124.52570343017578,11010,0.0,0.0
2002,2002.0,2002.0,2002.0,2002.0,2002.0,2002.0,2016-01-15 00:00:00+05:30,125.23809392032108,130.5720491922394,118.73506993438464,120.61656188964844,17047,0.0,0.0
2003,2003.0,2003.0,2003.0,2003.0,2003.0,2003.0,2016-01-18 00:00:00+05:30,124.14207927693889,126.04184204684424,111.42829514286232,113.47418975830078,32457,0.0,0.0
2004,2004.0,2004.0,2004.0,2004.0,2004.0,2004.0,2016-01-19 00:00:00+05:30,113.71166139391694,117.63905489603978,111.42829469925998,114.27793884277344,17837,0.0,0.0
2005,2005.0,2005.0,2005.0,2005.0,2005.0,2005.0,2016-01-20 00:00:00+05:30,113.27326842818113,115.04516347127796,111.42831093610334,113.94915008544922,18502,0.0,0.0
2006,2006.0,2006.0,2006.0,2006.0,2006.0,2006.0,2016-01-21 00:00:00+05:30,113.98568028779312,116.39691521591756,113.32806949498048,114.1135482788086,6845,0.0,0.0
2007,2007.0,2007.0,2007.0,2007.0,2007.0,2007.0,2016-01-22 00:00:00+05:30,113.71166459222864,124.17862394702344,113.27325510847945,121.21937561035156,15965,0.0,0.0
2008,2008.0,2008.0,2008.0,2008.0,2008.0,2008.0,2016-01-25 00:00:00+05:30,122.38846159118022,125.8957096830474,119.50228258500066,123.02780151367188,10510,0.0,0.0
2009,2009.0,2009.0,2009.0,2009.0,2009.0,2009.0,2016-01-27 00:00:00+05:30,117.657330833104,127.11958944691592,117.657330833104,120.08682250976562,15430,0.0,0.0
2010,2010.0,2010.0,2010.0,2010.0,2010.0,2010.0,2016-01-28 00:00:00+05:30,117.67559615450432,123.4479545115152,117.63906841528028,119.39269256591795,4432,0.0,0.0
2011,2011.0,2011.0,2011.0,2011.0,2011.0,2011.0,2016-01-29 00:00:00+05:30,120.56176242980068,120.56176242980068,115.0816823193552,116.0498275756836,4485,0.0,0.0
2012,2012.0,2012.0,2012.0,2012.0,2012.0,2012.0,2016-02-01 00:00:00+05:30,119.83108600293788,119.83108600293788,115.2826232727412,115.8671646118164,8345,0.0,0.0
2013,2013.0,2013.0,2013.0,2013.0,2013.0,2013.0,2016-02-02 00:00:00+05:30,116.90837405746846,118.66199799594278,111.42829402352464,111.93976593017578,27077,0.0,0.0
2014,2014.0,2014.0,2014.0,2014.0,2014.0,2014.0,2016-02-03 00:00:00+05:30,111.93976393309836,113.94913075733196,111.42829203557218,112.7252426147461,14880,0.0,0.0
2015,2015.0,2015.0,2015.0,2015.0,2015.0,2015.0,2016-02-04 00:00:00+05:30,113.27325349178956,114.27794042598332,112.15897638271674,113.25498962402344,5882,0.0,0.0
2016,2016.0,2016.0,2016.0,2016.0,2016.0,2016.0,2016-02-05 00:00:00+05:30,114.35100239742616,116.92664674369404,114.35100239742616,115.81236267089844,3750,0.0,0.0
2017,2017.0,2017.0,2017.0,2017.0,2017.0,2017.0,2016-02-08 00:00:00+05:30,113.38285558818394,115.68449310961824,113.25498761124672,114.04046630859376,1577,0.0,0.0
2018,2018.0,2018.0,2018.0,2018.0,2018.0,2018.0,2016-02-09 00:00:00+05:30,112.88964400603705,116.54303058855136,111.42829076668768,114.22312927246094,4452,0.0,0.0
2019,2019.0,2019.0,2019.0,2019.0,2019.0,2019.0,2016-02-10 00:00:00+05:30,114.00393159185076,114.00393159185076,110.95335704488012,112.8713836669922,11430,0.0,0.0
2020,2020.0,2020.0,2020.0,2020.0,2020.0,2020.0,2016-02-11 00:00:00+05:30,111.13601473549112,113.98565864039966,107.40955892944494,110.1678695678711,24702,0.0,0.0
2021,2021.0,2021.0,2021.0,2021.0,2021.0,2021.0,2016-02-12 00:00:00+05:30,108.5238511065343,113.62032720014554,108.50558723916902,112.04936981201172,9160,0.0,0.0
2022,2022.0,2022.0,2022.0,2022.0,2022.0,2022.0,2016-02-15 00:00:00+05:30,108.45078562222976,115.04514993641028,108.15851495584172,111.64749908447266,4515,0.0,0.0
2023,2023.0,2023.0,2023.0,2023.0,2023.0,2023.0,2016-02-16 00:00:00+05:30,111.51962796502436,112.5973773235529,111.0446907586155,111.48309326171876,3362,0.0,0.0
2024,2024.0,2024.0,2024.0,2024.0,2024.0,2024.0,2016-02-17 00:00:00+05:30,112.5243150430906,112.5243150430906,108.63346296644303,109.6016082763672,9247,0.0,0.0
2025,2025.0,2025.0,2025.0,2025.0,2025.0,2025.0,2016-02-18 00:00:00+05:30,110.16788102306982,110.16788102306982,101.92948991969855,109.29106903076172,14505,0.0,0.0
2026,2026.0,2026.0,2026.0,2026.0,2026.0,2026.0,2016-02-19 00:00:00+05:30,108.14024493008812,111.24562493881096,107.09903030485192,109.5650634765625,3622,0.0,0.0
2027,2027.0,2027.0,2027.0,2027.0,2027.0,2027.0,2016-02-22 00:00:00+05:30,108.5238599718627,115.7940992265182,108.50559610300544,109.38240814208984,17380,0.0,0.0
2028,2028.0,2028.0,2028.0,2028.0,2028.0,2028.0,2016-02-23 00:00:00+05:30,113.14539110205466,113.18192580767403,108.9074628061644,109.6016082763672,4452,0.0,0.0
2029,2029.0,2029.0,2029.0,2029.0,2029.0,2029.0,2016-02-24 00:00:00+05:30,108.87092543863564,110.88029238887596,108.32291880430918,109.0901336669922,7207,0.0,0.0
2030,2030.0,2030.0,2030.0,2030.0,2030.0,2030.0,2016-02-25 00:00:00+05:30,107.81145538370806,114.97209083639504,105.91169239770755,106.42316436767578,9357,0.0,0.0
2031,2031.0,2031.0,2031.0,2031.0,2031.0,2031.0,2016-02-26 00:00:00+05:30,105.98476745984648,107.77492641839876,104.21287237193062,106.03956604003906,9532,0.0,0.0
2032,2032.0,2032.0,2032.0,2032.0,2032.0,2032.0,2016-02-29 00:00:00+05:30,104.2128589322048,107.7566486510146,103.7561855740722,105.47328186035156,3962,0.0,0.0
2033,2033.0,2033.0,2033.0,2033.0,2033.0,2033.0,2016-03-01 00:00:00+05:30,106.00302716584577,111.79364948975548,105.5828884748812,107.0259780883789,27132,0.0,0.0
2034,2034.0,2034.0,2034.0,2034.0,2034.0,2034.0,2016-03-02 00:00:00+05:30,111.35523837165243,112.52432114170396,108.88920483909268,110.62456512451172,2122,0.0,0.0
2035,2035.0,2035.0,2035.0,2035.0,2035.0,2035.0,2016-03-03 00:00:00+05:30,112.50604359686126,112.50604359686126,110.69761411605909,112.2868423461914,2192,0.0,0.0
2036,2036.0,2036.0,2036.0,2036.0,2036.0,2036.0,2016-03-04 00:00:00+05:30,111.97631320216747,114.67981881951056,110.04002249920012,114.1135482788086,5067,0.0,0.0
2037,2037.0,2037.0,2037.0,2037.0,2037.0,2037.0,2016-03-08 00:00:00+05:30,111.83017441579446,118.13226119728589,111.83017441579446,117.16411590576172,9145,0.0,0.0
2038,2038.0,2038.0,2038.0,2038.0,2038.0,2038.0,2016-03-09 00:00:00+05:30,117.63905332349373,117.82171986931162,114.40580529088622,116.01329040527344,11285,0.0,0.0
2039,2039.0,2039.0,2039.0,2039.0,2039.0,2039.0,2016-03-10 00:00:00+05:30,116.90837833922288,122.16925034732462,116.89011447115163,118.89946746826172,3890,0.0,0.0
2040,2040.0,2040.0,2040.0,2040.0,2040.0,2040.0,2016-03-11 00:00:00+05:30,117.65732935435842,120.1050918368434,116.9083783659008,117.73038482666016,2840,0.0,0.0
2041,2041.0,2041.0,2041.0,2041.0,2041.0,2041.0,2016-03-14 00:00:00+05:30,117.5659853044901,122.75378773703936,117.3650479207512,119.6484146118164,14505,0.0,0.0
2042,2042.0,2042.0,2042.0,2042.0,2042.0,2042.0,2016-03-15 00:00:00+05:30,120.5434997938486,120.5434997938486,117.63906382728877,118.49761199951172,5237,0.0,0.0
2043,2043.0,2043.0,2043.0,2043.0,2043.0,2043.0,2016-03-16 00:00:00+05:30,118.78033389342204,120.6274407166003,115.50077218535895,117.0274658203125,7437,4.0,0.0
2044,2044.0,2044.0,2044.0,2044.0,2044.0,2044.0,2016-03-17 00:00:00+05:30,115.36882430144708,121.75830722606904,113.67250540966396,116.23583221435548,1090,0.0,0.0
2045,2045.0,2045.0,2045.0,2045.0,2045.0,2045.0,2016-03-18 00:00:00+05:30,120.62744369580297,120.62744369580297,115.19920671630418,116.27354431152344,1377,0.0,0.0
2046,2046.0,2046.0,2046.0,2046.0,2046.0,2046.0,2016-03-21 00:00:00+05:30,118.74263223291848,123.1907700828302,115.72694921092176,122.05989074707033,6672,0.0,0.0
2047,2047.0,2047.0,2047.0,2047.0,2047.0,2047.0,2016-03-22 00:00:00+05:30,124.7740025935489,124.7740025935489,120.68398190409675,122.85150909423828,1290,0.0,0.0
2048,2048.0,2048.0,2048.0,2048.0,2048.0,2048.0,2016-03-23 00:00:00+05:30,123.24731739528856,123.24731739528856,117.98871315031622,118.78033447265624,1695,0.0,0.0
2049,2049.0,2049.0,2049.0,2049.0,2049.0,2049.0,2016-03-28 00:00:00+05:30,117.98871102489078,120.23163207282084,114.97302792257597,115.46307373046876,8145,0.0,0.0
2050,2050.0,2050.0,2050.0,2050.0,2050.0,2050.0,2016-03-29 00:00:00+05:30,116.8578339638302,118.2714367940378,113.46518860932304,114.93533325195312,9720,0.0,0.0
2051,2051.0,2051.0,2051.0,2051.0,2051.0,2051.0,2016-03-30 00:00:00+05:30,116.838985414289,116.838985414289,115.18035613249968,115.8965835571289,6725,0.0,0.0
2052,2052.0,2052.0,2052.0,2052.0,2052.0,2052.0,2016-03-31 00:00:00+05:30,116.669354070234,120.0431472914527,115.72695220275216,117.47982025146484,16022,0.0,0.0
2053,2053.0,2053.0,2053.0,2053.0,2053.0,2053.0,2016-04-01 00:00:00+05:30,119.45885688386998,119.45885688386998,116.85782584383584,117.00861358642578,675,0.0,0.0
2054,2054.0,2054.0,2054.0,2054.0,2054.0,2054.0,2016-04-04 00:00:00+05:30,118.29027138811628,118.29027138811628,115.55731190585544,117.4609603881836,1435,0.0,0.0
2055,2055.0,2055.0,2055.0,2055.0,2055.0,2055.0,2016-04-05 00:00:00+05:30,119.044190194608,119.08188712785292,117.08399280560062,118.83686065673828,1042,0.0,0.0
2056,2056.0,2056.0,2056.0,2056.0,2056.0,2056.0,2016-04-06 00:00:00+05:30,118.55416477575848,122.45570816133365,118.55416477575848,121.3813705444336,4382,0.0,0.0
2057,2057.0,2057.0,2057.0,2057.0,2057.0,2057.0,2016-04-07 00:00:00+05:30,122.51223869823052,124.02008738801923,120.62743502595006,122.15412139892578,5277,0.0,0.0
2058,2058.0,2058.0,2058.0,2058.0,2058.0,2058.0,2016-04-08 00:00:00+05:30,128.14780163226075,128.14780163226075,119.9489082791642,121.21172332763672,1657,0.0,0.0
2059,2059.0,2059.0,2059.0,2059.0,2059.0,2059.0,2016-04-11 00:00:00+05:30,121.9467964026146,124.35935727243351,120.60859466082192,121.00439453125,1762,0.0,0.0
2060,2060.0,2060.0,2060.0,2060.0,2060.0,2060.0,2016-04-12 00:00:00+05:30,121.38135914654596,122.88919345363752,119.87351045954355,120.40126037597656,6090,0.0,0.0
2061,2061.0,2061.0,2061.0,2061.0,2061.0,2061.0,2016-04-13 00:00:00+05:30,121.58867823394785,121.58867823394785,118.441052639232,119.0630340576172,11995,0.0,0.0
2062,2062.0,2062.0,2062.0,2062.0,2062.0,2062.0,2016-04-18 00:00:00+05:30,120.62743633327246,122.47455027928652,119.4211631203326,121.81485748291016,13265,0.0,0.0
2063,2063.0,2063.0,2063.0,2063.0,2063.0,2063.0,2016-04-20 00:00:00+05:30,120.68398095062766,122.6630306259716,118.76148027655012,121.15518188476562,5950,0.0,0.0
2064,2064.0,2064.0,2064.0,2064.0,2064.0,2064.0,2016-04-21 00:00:00+05:30,119.96774651903522,123.83158509404716,118.76146623074492,120.87244415283205,9942,0.0,0.0
2065,2065.0,2065.0,2065.0,2065.0,2065.0,2065.0,2016-04-22 00:00:00+05:30,119.8734910936121,122.5122186796163,118.9310894114612,119.4399871826172,6010,0.0,0.0
2066,2066.0,2066.0,2066.0,2066.0,2066.0,2066.0,2016-04-25 00:00:00+05:30,122.4745474338462,122.4745474338462,115.74579179245038,116.85782623291016,8537,0.0,0.0
2067,2067.0,2067.0,2067.0,2067.0,2067.0,2067.0,2016-04-26 00:00:00+05:30,116.83899220356577,118.72379602740808,116.10391267270424,117.9321746826172,4015,0.0,0.0
2068,2068.0,2068.0,2068.0,2068.0,2068.0,2068.0,2016-04-27 00:00:00+05:30,116.87666877692072,118.0075552577105,116.8578239043874,117.42326354980467,2895,0.0,0.0
2069,2069.0,2069.0,2069.0,2069.0,2069.0,2069.0,2016-04-28 00:00:00+05:30,116.57510976460873,119.0253604063513,115.38768857171522,118.91226959228516,1722,0.0,0.0
2070,2070.0,2070.0,2070.0,2070.0,2070.0,2070.0,2016-04-29 00:00:00+05:30,116.46201844073144,120.19392877871331,116.46201844073144,117.06515502929688,3420,0.0,0.0
2071,2071.0,2071.0,2071.0,2071.0,2071.0,2071.0,2016-05-02 00:00:00+05:30,115.72694839620864,118.74263139697504,115.349986223624,116.53741455078124,2677,0.0,0.0
2072,2072.0,2072.0,2072.0,2072.0,2072.0,2072.0,2016-05-03 00:00:00+05:30,120.6274317009498,120.6274317009498,116.85782446029512,117.29132843017578,1772,0.0,0.0
2073,2073.0,2073.0,2073.0,2073.0,2073.0,2073.0,2016-05-04 00:00:00+05:30,115.38768168753988,118.36566771405342,115.38768168753988,116.85782623291016,3287,0.0,0.0
2074,2074.0,2074.0,2074.0,2074.0,2074.0,2074.0,2016-05-05 00:00:00+05:30,117.02745254198352,119.11958562992452,117.00860767009029,118.47875213623048,2752,0.0,0.0
2075,2075.0,2075.0,2075.0,2075.0,2075.0,2075.0,2016-05-06 00:00:00+05:30,117.98870306745587,120.6274309964861,117.17823694025184,119.42115783691406,9995,0.0,0.0
2076,2076.0,2076.0,2076.0,2076.0,2076.0,2076.0,2016-05-09 00:00:00+05:30,120.58973294999598,122.54992322125533,115.7269434215485,117.7248306274414,8907,0.0,0.0
2077,2077.0,2077.0,2077.0,2077.0,2077.0,2077.0,2016-05-10 00:00:00+05:30,117.6305913271247,120.4012548949131,116.10389783651486,119.81696319580078,4830,0.0,0.0
2078,2078.0,2078.0,2078.0,2078.0,2078.0,2078.0,2016-05-11 00:00:00+05:30,116.87666592082668,119.93005287338433,116.87666592082668,118.12063598632812,2032,0.0,0.0
2079,2079.0,2079.0,2079.0,2079.0,2079.0,2079.0,2016-05-12 00:00:00+05:30,118.57299699351483,119.0818948403486,115.87772720655572,116.87667083740234,4215,0.0,0.0
2080,2080.0,2080.0,2080.0,2080.0,2080.0,2080.0,2016-05-13 00:00:00+05:30,116.3866116722698,117.15938079010697,115.72693334848977,116.40545654296876,6407,0.0,0.0
2081,2081.0,2081.0,2081.0,2081.0,2081.0,2081.0,2016-05-16 00:00:00+05:30,116.21698715116172,117.61174494829174,115.02955889589812,116.31122589111328,5267,0.0,0.0
2082,2082.0,2082.0,2082.0,2082.0,2082.0,2082.0,2016-05-17 00:00:00+05:30,123.24731580838731,130.27764010857555,115.34999070052898,117.2159423828125,4297,0.0,0.0
2083,2083.0,2083.0,2083.0,2083.0,2083.0,2083.0,2016-05-18 00:00:00+05:30,118.74263161722592,120.62743529368984,115.76463835723436,120.21277618408205,19547,0.0,0.0
2084,2084.0,2084.0,2084.0,2084.0,2084.0,2084.0,2016-05-19 00:00:00+05:30,120.25047055070438,123.94469114199585,118.1771894268814,118.9311065673828,19195,0.0,0.0
2085,2085.0,2085.0,2085.0,2085.0,2085.0,2085.0,2016-05-20 00:00:00+05:30,120.2504746711738,122.13528556189992,115.02956755724456,116.04736328125,57150,0.0,0.0
2086,2086.0,2086.0,2086.0,2086.0,2086.0,2086.0,2016-05-23 00:00:00+05:30,118.74264090206586,118.74264090206586,117.2347992809832,117.9321746826172,7275,0.0,0.0
2087,2087.0,2087.0,2087.0,2087.0,2087.0,2087.0,2016-05-24 00:00:00+05:30,117.42325702010558,120.23161740844594,117.42325702010558,119.0630340576172,4765,0.0,0.0
2088,2088.0,2088.0,2088.0,2088.0,2088.0,2088.0,2016-05-25 00:00:00+05:30,118.98765791388342,120.62743509653949,116.10390340443708,118.36566925048828,7515,0.0,0.0
2089,2089.0,2089.0,2089.0,2089.0,2089.0,2089.0,2016-05-26 00:00:00+05:30,117.23479501478263,117.72484082756814,116.85783282574072,117.0840072631836,4215,0.0,0.0
2090,2090.0,2090.0,2090.0,2090.0,2090.0,2090.0,2016-05-27 00:00:00+05:30,116.98975437020044,119.49654651281392,116.19814033987296,116.82012176513672,13927,0.0,0.0
2091,2091.0,2091.0,2091.0,2091.0,2091.0,2091.0,2016-05-30 00:00:00+05:30,115.19919886611407,118.36566962254788,115.19919886611407,116.38662719726562,5107,0.0,0.0
2092,2092.0,2092.0,2092.0,2092.0,2092.0,2092.0,2016-05-31 00:00:00+05:30,116.51856073331427,117.06515551583446,116.38662505338948,116.87667083740234,2162,0.0,0.0
2093,2093.0,2093.0,2093.0,2093.0,2093.0,2093.0,2016-06-01 00:00:00+05:30,117.80023537598906,117.96986800252871,115.72695410935395,116.91437530517578,4177,0.0,0.0
2094,2094.0,2094.0,2094.0,2094.0,2094.0,2094.0,2016-06-02 00:00:00+05:30,117.0463053136561,117.0463053136561,115.34998632053316,116.49971771240234,7225,0.0,0.0
2095,2095.0,2095.0,2095.0,2095.0,2095.0,2095.0,2016-06-03 00:00:00+05:30,116.10390337883788,117.23478989659183,115.72694839620864,116.53741455078124,2420,0.0,0.0
2096,2096.0,2096.0,2096.0,2096.0,2096.0,2096.0,2016-06-06 00:00:00+05:30,118.74262817867428,118.74262817867428,116.7635858136874,117.25363159179688,4197,0.0,0.0
2097,2097.0,2097.0,2097.0,2097.0,2097.0,2097.0,2016-06-07 00:00:00+05:30,116.08506113611423,119.30807376433172,116.08506113611423,117.68714141845705,3270,0.0,0.0
2098,2098.0,2098.0,2098.0,2098.0,2098.0,2098.0,2016-06-08 00:00:00+05:30,118.7237859866178,120.25047235324226,117.2536342391854,118.4976043701172,1717,0.0,0.0
2099,2099.0,2099.0,2099.0,2099.0,2099.0,2099.0,2016-06-09 00:00:00+05:30,117.46095192873852,119.8734980747604,117.46095192873852,117.70597839355467,4770,0.0,0.0
2100,2100.0,2100.0,2100.0,2100.0,2100.0,2100.0,2016-06-10 00:00:00+05:30,117.61174980954532,117.98870478493228,116.95206422270762,117.06515502929688,22860,0.0,0.0
2101,2101.0,2101.0,2101.0,2101.0,2101.0,2101.0,2016-06-13 00:00:00+05:30,116.87666483992194,121.75830631650692,116.87666483992194,120.43894958496094,30277,0.0,0.0
2102,2102.0,2102.0,2102.0,2102.0,2102.0,2102.0,2016-06-14 00:00:00+05:30,119.15728121954577,124.17085112136476,119.15728121954577,122.62531280517578,17372,0.0,0.0
2103,2103.0,2103.0,2103.0,2103.0,2103.0,2103.0,2016-06-15 00:00:00+05:30,124.30279616766748,125.52792142799778,123.32270458734968,124.09546661376952,16320,0.0,0.0
2104,2104.0,2104.0,2104.0,2104.0,2104.0,2104.0,2016-06-16 00:00:00+05:30,122.88917774103686,126.2441399216564,121.4755751701818,124.41587829589844,6145,0.0,0.0
2105,2105.0,2105.0,2105.0,2105.0,2105.0,2105.0,2016-06-17 00:00:00+05:30,124.7739979782617,128.35512784952226,124.43473274035468,127.8462371826172,12157,0.0,0.0
2106,2106.0,2106.0,2106.0,2106.0,2106.0,2106.0,2016-06-20 00:00:00+05:30,128.16662723725358,130.01374083930307,126.39490749446207,127.82736206054688,6825,0.0,0.0
2107,2107.0,2107.0,2107.0,2107.0,2107.0,2107.0,2016-06-21 00:00:00+05:30,126.4891668523654,128.92056514710293,126.47031479057092,128.3174285888672,10557,0.0,0.0
2108,2108.0,2108.0,2108.0,2108.0,2108.0,2108.0,2016-06-22 00:00:00+05:30,128.16664943865015,132.3132117567598,126.65880075211348,131.8797149658203,12145,0.0,0.0
2109,2109.0,2109.0,2109.0,2109.0,2109.0,2109.0,2016-06-23 00:00:00+05:30,129.71216213457336,135.6869851261442,129.71216213457336,134.78228759765625,12802,0.0,0.0
2110,2110.0,2110.0,2110.0,2110.0,2110.0,2110.0,2016-06-24 00:00:00+05:30,126.69649375888356,135.70585220147365,126.69649375888356,134.74459838867188,11470,0.0,0.0
2111,2111.0,2111.0,2111.0,2111.0,2111.0,2111.0,2016-06-27 00:00:00+05:30,131.95511536586147,137.96762958656407,130.63574410489585,137.79800415039062,29295,0.0,0.0
2112,2112.0,2112.0,2112.0,2112.0,2112.0,2112.0,2016-06-28 00:00:00+05:30,139.09850890599694,142.49114669644197,137.5906603014147,139.4754638671875,47972,0.0,0.0
2113,2113.0,2113.0,2113.0,2113.0,2113.0,2113.0,2016-06-29 00:00:00+05:30,143.96129212586462,143.96129212586462,133.3310010952304,139.2869873046875,84122,0.0,0.0
2114,2114.0,2114.0,2114.0,2114.0,2114.0,2114.0,2016-06-30 00:00:00+05:30,136.83675327378012,141.3602852786803,135.91320343633473,136.96868896484375,17192,0.0,0.0
2115,2115.0,2115.0,2115.0,2115.0,2115.0,2115.0,2016-07-01 00:00:00+05:30,139.47545691337012,142.49113959227194,137.9864604450572,141.20947265625,40755,0.0,0.0
2116,2116.0,2116.0,2116.0,2116.0,2116.0,2116.0,2016-07-04 00:00:00+05:30,139.13617879080755,142.4911263582353,139.13617879080755,140.6817169189453,5102,0.0,0.0
2117,2117.0,2117.0,2117.0,2117.0,2117.0,2117.0,2016-07-05 00:00:00+05:30,136.17707785381117,142.07650871416982,131.99281101551017,132.44515991210938,13930,0.0,0.0
2118,2118.0,2118.0,2118.0,2118.0,2118.0,2118.0,2016-07-07 00:00:00+05:30,135.08387121258326,137.92992868868998,132.31320760642953,136.70480346679688,13092,0.0,0.0
2119,2119.0,2119.0,2119.0,2119.0,2119.0,2119.0,2016-07-08 00:00:00+05:30,133.68910317249808,138.72152470277774,129.9194964448144,137.38331604003906,11677,0.0,0.0
2120,2120.0,2120.0,2120.0,2120.0,2120.0,2120.0,2016-07-11 00:00:00+05:30,139.09851980656163,139.09851980656163,134.10378708986553,134.82000732421875,4740,0.0,0.0
2121,2121.0,2121.0,2121.0,2121.0,2121.0,2121.0,2016-07-12 00:00:00+05:30,133.82106537268476,136.08282410589237,132.85981144011143,134.3299560546875,1315,0.0,0.0
2122,2122.0,2122.0,2122.0,2122.0,2122.0,2122.0,2016-07-13 00:00:00+05:30,133.0671222266572,139.4754569064489,133.0671222266572,135.46083068847656,15792,0.0,0.0
2123,2123.0,2123.0,2123.0,2123.0,2123.0,2123.0,2016-07-14 00:00:00+05:30,134.76345473323042,135.70585651458168,134.04723455617105,135.63046264648438,21915,0.0,0.0
2124,2124.0,2124.0,2124.0,2124.0,2124.0,2124.0,2016-07-15 00:00:00+05:30,134.40534467279613,140.94561568739556,132.35091558147695,139.53201293945312,71740,0.0,0.0
2125,2125.0,2125.0,2125.0,2125.0,2125.0,2125.0,2016-07-18 00:00:00+05:30,141.24719924250974,141.24719924250974,137.59067532410563,137.68492126464844,13707,0.0,0.0
2126,2126.0,2126.0,2126.0,2126.0,2126.0,2126.0,2016-07-19 00:00:00+05:30,138.06187002887438,140.02206758832074,135.1592706262275,139.23045349121094,14270,0.0,0.0
2127,2127.0,2127.0,2127.0,2127.0,2127.0,2127.0,2016-07-20 00:00:00+05:30,139.47549049326238,141.360294418847,135.8001285903375,140.4178924560547,24367,0.0,0.0
2128,2128.0,2128.0,2128.0,2128.0,2128.0,2128.0,2016-07-21 00:00:00+05:30,139.8712795634585,143.24507988098145,138.79694203954756,141.1717987060547,17517,0.0,0.0
2129,2129.0,2129.0,2129.0,2129.0,2129.0,2129.0,2016-07-22 00:00:00+05:30,141.28484912452822,142.79269746827478,139.00423893004452,139.720458984375,12172,0.0,0.0
2130,2130.0,2130.0,2130.0,2130.0,2130.0,2130.0,2016-07-25 00:00:00+05:30,139.85242677405026,145.3183603013187,139.85242677405026,141.28488159179688,32522,0.0,0.0
2131,2131.0,2131.0,2131.0,2131.0,2131.0,2131.0,2016-07-26 00:00:00+05:30,141.36025768732293,143.9989853734681,135.81893098440898,138.08070373535156,6015,0.0,0.0
2132,2132.0,2132.0,2132.0,2132.0,2132.0,2132.0,2016-07-27 00:00:00+05:30,138.3446001209292,138.3446001209292,132.84097654274498,133.7645263671875,26082,0.0,0.0
2133,2133.0,2133.0,2133.0,2133.0,2133.0,2133.0,2016-07-28 00:00:00+05:30,134.6126618891386,140.2670723626887,130.0891306343166,132.99172973632812,28860,0.0,0.0
2134,2134.0,2134.0,2134.0,2134.0,2134.0,2134.0,2016-07-29 00:00:00+05:30,136.45980063824538,136.45980063824538,123.69967061242112,127.1865692138672,130732,0.0,0.0
2135,2135.0,2135.0,2135.0,2135.0,2135.0,2135.0,2016-08-01 00:00:00+05:30,128.12895804691814,128.18549985545272,116.85782592858138,120.75936889648438,122160,0.0,0.0
2136,2136.0,2136.0,2136.0,2136.0,2136.0,2136.0,2016-08-02 00:00:00+05:30,120.28816986083984,122.47454902433464,119.53424551549988,120.28816986083984,52717,0.0,0.0
2137,2137.0,2137.0,2137.0,2137.0,2137.0,2137.0,2016-08-03 00:00:00+05:30,123.6054188105332,124.30278691271212,118.76146712908454,120.68396759033205,30360,0.0,0.0
2138,2138.0,2138.0,2138.0,2138.0,2138.0,2138.0,2016-08-04 00:00:00+05:30,122.49337688408389,122.512228945681,119.49654618607694,120.74050903320312,8785,0.0,0.0
2139,2139.0,2139.0,2139.0,2139.0,2139.0,2139.0,2016-08-05 00:00:00+05:30,120.85361671482252,121.7583144253018,119.3457680241426,120.28816986083984,6287,0.0,0.0
2140,2140.0,2140.0,2140.0,2140.0,2140.0,2140.0,2016-08-08 00:00:00+05:30,121.55098514235992,121.94679218906764,119.51540090932356,120.26932525634766,4282,0.0,0.0
2141,2141.0,2141.0,2141.0,2141.0,2141.0,2141.0,2016-08-09 00:00:00+05:30,124.94363586727286,124.94363586727286,118.780327059942,120.62743377685548,8497,0.0,0.0
2142,2142.0,2142.0,2142.0,2142.0,2142.0,2142.0,2016-08-10 00:00:00+05:30,120.68396798200288,121.38135046635482,117.46095566443152,118.7237777709961,10022,0.0,0.0
2143,2143.0,2143.0,2143.0,2143.0,2143.0,2143.0,2016-08-11 00:00:00+05:30,117.61175403614808,122.51224079183945,117.61175403614808,121.60752868652344,13040,0.0,0.0
2144,2144.0,2144.0,2144.0,2144.0,2144.0,2144.0,2016-08-12 00:00:00+05:30,122.5122354224417,122.5122354224417,116.63165013535196,117.25363159179688,26572,0.0,0.0
2145,2145.0,2145.0,2145.0,2145.0,2145.0,2145.0,2016-08-16 00:00:00+05:30,117.8002227524636,121.3813524001205,117.64943501616206,120.1185302734375,10062,0.0,0.0
2146,2146.0,2146.0,2146.0,2146.0,2146.0,2146.0,2016-08-17 00:00:00+05:30,120.6274273033978,122.88918581337252,119.8923550686605,122.22950744628906,13902,0.0,0.0
2147,2147.0,2147.0,2147.0,2147.0,2147.0,2147.0,2016-08-18 00:00:00+05:30,122.24836138764734,123.62425994873048,122.24836138764734,123.62425994873048,2437,0.0,0.0
2148,2148.0,2148.0,2148.0,2148.0,2148.0,2148.0,2016-08-19 00:00:00+05:30,123.62425804810982,123.62425804810982,120.64627936528872,122.22950744628906,4267,0.0,0.0
2149,2149.0,2149.0,2149.0,2149.0,2149.0,2149.0,2016-08-22 00:00:00+05:30,120.81591287986024,122.77611043050533,120.72168132390983,122.09757995605467,4082,0.0,0.0
2150,2150.0,2150.0,2150.0,2150.0,2150.0,2150.0,2016-08-23 00:00:00+05:30,122.22951487209576,122.51223829799636,119.49655530818168,120.38240814208984,19570,0.0,0.0
2151,2151.0,2151.0,2151.0,2151.0,2151.0,2151.0,2016-08-24 00:00:00+05:30,121.36251235546396,121.75831941751598,119.8546707929164,121.06095123291016,5645,0.0,0.0
2152,2152.0,2152.0,2152.0,2152.0,2152.0,2152.0,2016-08-25 00:00:00+05:30,121.0232422407213,123.26616321544196,120.70282906716432,122.1729736328125,33497,0.0,0.0
2153,2153.0,2153.0,2153.0,2153.0,2153.0,2153.0,2016-08-26 00:00:00+05:30,123.07767765344532,123.26615513259576,121.04208636683664,122.3237533569336,7550,0.0,0.0
2154,2154.0,2154.0,2154.0,2154.0,2154.0,2154.0,2016-08-29 00:00:00+05:30,122.51223887036647,122.51223887036647,119.87351084948412,120.25047302246094,4695,0.0,0.0
2155,2155.0,2155.0,2155.0,2155.0,2155.0,2155.0,2016-08-30 00:00:00+05:30,120.62742894556366,121.7583082159463,119.57193635390615,119.87350463867188,20482,0.0,0.0
2156,2156.0,2156.0,2156.0,2156.0,2156.0,2156.0,2016-08-31 00:00:00+05:30,120.7593523406515,120.7593523406515,118.7614581635244,119.1572723388672,7102,0.0,0.0
2157,2157.0,2157.0,2157.0,2157.0,2157.0,2157.0,2016-09-01 00:00:00+05:30,118.74262794243708,120.627431560571,118.74262794243708,119.28922271728516,4302,0.0,0.0
2158,2158.0,2158.0,2158.0,2158.0,2158.0,2158.0,2016-09-02 00:00:00+05:30,120.25047121578692,120.62743338310015,118.74262973648923,118.761474609375,4537,0.0,0.0
2159,2159.0,2159.0,2159.0,2159.0,2159.0,2159.0,2016-09-06 00:00:00+05:30,122.47454660655607,122.47454660655607,118.74262907974628,118.9311065673828,8395,0.0,0.0
2160,2160.0,2160.0,2160.0,2160.0,2160.0,2160.0,2016-09-07 00:00:00+05:30,118.3845271082753,120.25047880988434,118.1771975436619,118.89342498779295,12845,0.0,0.0
2161,2161.0,2161.0,2161.0,2161.0,2161.0,2161.0,2016-09-08 00:00:00+05:30,119.85466530929928,119.85466530929928,118.36566868880288,118.4976043701172,7800,0.0,0.0
2162,2162.0,2162.0,2162.0,2162.0,2162.0,2162.0,2016-09-09 00:00:00+05:30,117.611770462049,118.74264996670163,116.85784599897622,117.5929183959961,11947,0.0,0.0
2163,2163.0,2163.0,2163.0,2163.0,2163.0,2163.0,2016-09-12 00:00:00+05:30,116.8766908750726,117.611770462049,116.85784599897622,117.5929183959961,5427,0.0,0.0
2164,2164.0,2164.0,2164.0,2164.0,2164.0,2164.0,2016-09-14 00:00:00+05:30,116.85782157836276,118.3656629994474,116.85782157836276,118.08294677734376,8677,0.0,0.0
2165,2165.0,2165.0,2165.0,2165.0,2165.0,2165.0,2016-09-15 00:00:00+05:30,118.72379049372157,119.7981280480406,117.6871426869614,119.27037811279295,5570,0.0,0.0
2166,2166.0,2166.0,2166.0,2166.0,2166.0,2166.0,2016-09-16 00:00:00+05:30,120.608579547747,122.7760992663072,118.4222077677466,119.0630340576172,29372,0.0,0.0
2167,2167.0,2167.0,2167.0,2167.0,2167.0,2167.0,2016-09-19 00:00:00+05:30,122.09756980177669,128.76977599237154,121.62636892147964,124.73629760742188,87087,0.0,0.0
2168,2168.0,2168.0,2168.0,2168.0,2168.0,2168.0,2016-09-20 00:00:00+05:30,125.15095083624104,127.78967851861384,124.77398152166836,126.20643615722656,43992,0.0,0.0
2169,2169.0,2169.0,2169.0,2169.0,2169.0,2169.0,2016-09-21 00:00:00+05:30,126.47033543681928,127.60121487063834,124.79286116100668,125.00019073486328,13860,0.0,0.0
2170,2170.0,2170.0,2170.0,2170.0,2170.0,2170.0,2016-09-22 00:00:00+05:30,124.77399143285923,126.65879501571156,124.77399143285923,125.6975555419922,8770,0.0,0.0
2171,2171.0,2171.0,2171.0,2171.0,2171.0,2171.0,2016-09-23 00:00:00+05:30,126.6587843953356,127.03575370824316,125.22634414601367,126.4326171875,34027,0.0,0.0
2172,2172.0,2172.0,2172.0,2172.0,2172.0,2172.0,2016-09-26 00:00:00+05:30,131.48389784604666,131.48389784604666,122.34260363164144,124.7551498413086,32577,0.0,0.0
2173,2173.0,2173.0,2173.0,2173.0,2173.0,2173.0,2016-09-27 00:00:00+05:30,125.96144233215368,125.96144233215368,120.66513383683709,121.73947143554688,7055,0.0,0.0
2174,2174.0,2174.0,2174.0,2174.0,2174.0,2174.0,2016-09-28 00:00:00+05:30,123.24731881760287,123.28502294619624,121.41905683844178,122.26722717285156,1447,0.0,0.0
2175,2175.0,2175.0,2175.0,2175.0,2175.0,2175.0,2016-09-29 00:00:00+05:30,121.77716648769623,122.51223876992292,116.10390340443708,118.36566925048828,27802,0.0,0.0
2176,2176.0,2176.0,2176.0,2176.0,2176.0,2176.0,2016-09-30 00:00:00+05:30,120.62743112710956,121.00438609741764,116.48086174412414,117.42326354980467,26900,0.0,0.0
2177,2177.0,2177.0,2177.0,2177.0,2177.0,2177.0,2016-10-03 00:00:00+05:30,117.4232713143154,120.212779980789,117.2913356279924,119.27037811279295,11475,0.0,0.0
2178,2178.0,2178.0,2178.0,2178.0,2178.0,2178.0,2016-10-04 00:00:00+05:30,118.83687742626282,120.62744246331889,118.36567647914048,118.51646423339844,22342,0.0,0.0
2179,2179.0,2179.0,2179.0,2179.0,2179.0,2179.0,2016-10-05 00:00:00+05:30,120.6274342260238,121.2305708219575,117.61175124635535,118.6106948852539,58575,0.0,0.0
2180,2180.0,2180.0,2180.0,2180.0,2180.0,2180.0,2016-10-06 00:00:00+05:30,120.0431393204363,120.40125660787156,116.8578238082407,117.4609603881836,52640,0.0,0.0
2181,2181.0,2181.0,2181.0,2181.0,2181.0,2181.0,2016-10-07 00:00:00+05:30,118.53530940859442,118.74263897624746,117.46097182162484,118.40337371826172,15445,0.0,0.0
2182,2182.0,2182.0,2182.0,2182.0,2182.0,2182.0,2016-10-10 00:00:00+05:30,122.49339273313532,122.49339273313532,118.51646282620536,118.79917907714844,25760,0.0,0.0
2183,2183.0,2183.0,2183.0,2183.0,2183.0,2183.0,2016-10-13 00:00:00+05:30,119.8735155743863,120.23163288830968,117.3101885150104,119.11959838867188,17200,0.0,0.0
2184,2184.0,2184.0,2184.0,2184.0,2184.0,2184.0,2016-10-14 00:00:00+05:30,118.74262572869,120.25046715709504,118.29026970519097,119.81696319580078,11860,0.0,0.0
2185,2185.0,2185.0,2185.0,2185.0,2185.0,2185.0,2016-10-17 00:00:00+05:30,119.49655596379364,121.3059657676097,118.96880604521408,120.21277618408205,17257,0.0,0.0
2186,2186.0,2186.0,2186.0,2186.0,2186.0,2186.0,2016-10-18 00:00:00+05:30,120.62743377685548,122.0975783252252,120.13738799071734,120.62743377685548,12222,0.0,0.0
2187,2187.0,2187.0,2187.0,2187.0,2187.0,2187.0,2016-10-19 00:00:00+05:30,120.62744060940024,121.38136498919128,120.25047841950472,120.92901611328124,7625,0.0,0.0
2188,2188.0,2188.0,2188.0,2188.0,2188.0,2188.0,2016-10-20 00:00:00+05:30,121.38135885262707,131.52159738943607,120.94784768269264,129.97605895996094,109415,0.0,0.0
2189,2189.0,2189.0,2189.0,2189.0,2189.0,2189.0,2016-10-21 00:00:00+05:30,130.42841144327497,132.8032681526848,126.35724289276928,131.08810424804688,67125,0.0,0.0
2190,2190.0,2190.0,2190.0,2190.0,2190.0,2190.0,2016-10-24 00:00:00+05:30,131.9362816446933,153.80000544125977,130.315349034094,145.92152404785156,316830,0.0,0.0
2191,2191.0,2191.0,2191.0,2191.0,2191.0,2191.0,2016-10-25 00:00:00+05:30,146.97699566093675,148.52253408617244,140.83253170601458,143.52780151367188,114442,0.0,0.0
2192,2192.0,2192.0,2192.0,2192.0,2192.0,2192.0,2016-10-26 00:00:00+05:30,141.36028971396067,148.78642153517265,131.33313373878022,141.661865234375,75250,0.0,0.0
2193,2193.0,2193.0,2193.0,2193.0,2193.0,2193.0,2016-10-27 00:00:00+05:30,140.26710619383311,145.12990382512683,137.25142275656628,138.28807067871094,26227,0.0,0.0
2194,2194.0,2194.0,2194.0,2194.0,2194.0,2194.0,2016-10-28 00:00:00+05:30,138.92889114541126,146.56235254962897,126.28185893850292,128.41168212890625,331945,0.0,0.0
2195,2195.0,2195.0,2195.0,2195.0,2195.0,2195.0,2016-11-01 00:00:00+05:30,128.16663304654097,131.1823156540072,127.638890387723,130.2399139404297,52112,0.0,0.0
2196,2196.0,2196.0,2196.0,2196.0,2196.0,2196.0,2016-11-02 00:00:00+05:30,130.3530213840384,130.3530213840384,122.5122316557158,125.84832763671876,42212,0.0,0.0
2197,2197.0,2197.0,2197.0,2197.0,2197.0,2197.0,2016-11-03 00:00:00+05:30,124.43473202051744,129.67449830452807,122.56878041277852,124.11431884765624,24100,0.0,0.0
2198,2198.0,2198.0,2198.0,2198.0,2198.0,2198.0,2016-11-04 00:00:00+05:30,126.65877803994738,126.65877803994738,120.62741313515302,121.94676971435548,31507,0.0,0.0
2199,2199.0,2199.0,2199.0,2199.0,2199.0,2199.0,2016-11-07 00:00:00+05:30,124.37819727997048,127.41273251284888,122.13529056256024,126.13106536865234,13820,0.0,0.0
2200,2200.0,2200.0,2200.0,2200.0,2200.0,2200.0,2016-11-08 00:00:00+05:30,125.05672645213812,126.28185177067172,123.8693052615104,124.58552551269533,25432,0.0,0.0
2201,2201.0,2201.0,2201.0,2201.0,2201.0,2201.0,2016-11-09 00:00:00+05:30,116.85782555244128,122.09757736513605,113.06937340375698,120.91015625,37027,0.0,0.0
2202,2202.0,2202.0,2202.0,2202.0,2202.0,2202.0,2016-11-10 00:00:00+05:30,121.3813678251184,132.97291409298256,121.3813678251184,125.73526000976562,24585,0.0,0.0
2203,2203.0,2203.0,2203.0,2203.0,2203.0,2203.0,2016-11-11 00:00:00+05:30,120.36354772428832,124.39702589848278,120.34469566368678,122.43682861328124,72350,0.0,0.0
2204,2204.0,2204.0,2204.0,2204.0,2204.0,2204.0,2016-11-15 00:00:00+05:30,125.90487909654505,125.90487909654505,113.08820959094125,117.40441131591795,72572,0.0,0.0
2205,2205.0,2205.0,2205.0,2205.0,2205.0,2205.0,2016-11-16 00:00:00+05:30,118.007566872108,119.70388597531291,115.74580087787886,116.44317626953124,46112,0.0,0.0
2206,2206.0,2206.0,2206.0,2206.0,2206.0,2206.0,2016-11-17 00:00:00+05:30,114.21910560799168,117.59290608253012,114.21910560799168,116.8955307006836,31575,0.0,0.0
2207,2207.0,2207.0,2207.0,2207.0,2207.0,2207.0,2016-11-18 00:00:00+05:30,115.6138517859875,116.06620780838112,109.3186075465696,114.0494613647461,33972,0.0,0.0
2208,2208.0,2208.0,2208.0,2208.0,2208.0,2208.0,2016-11-21 00:00:00+05:30,113.08822460169104,113.08822460169104,105.54900962824496,107.88616943359376,46525,0.0,0.0
2209,2209.0,2209.0,2209.0,2209.0,2209.0,2209.0,2016-11-22 00:00:00+05:30,107.81077476582657,110.33641205096498,107.81077476582657,109.9217529296875,9972,0.0,0.0
2210,2210.0,2210.0,2210.0,2210.0,2210.0,2210.0,2016-11-23 00:00:00+05:30,110.82644869801554,117.02745418121464,110.6568160887806,116.12274932861328,36482,0.0,0.0
2211,2211.0,2211.0,2211.0,2211.0,2211.0,2211.0,2016-11-24 00:00:00+05:30,114.9730287561331,116.29239281919462,113.4463351301676,115.31229400634766,11017,0.0,0.0
2212,2212.0,2212.0,2212.0,2212.0,2212.0,2212.0,2016-11-25 00:00:00+05:30,116.83898176897088,120.04314223138252,115.61385651690384,118.6295394897461,22137,0.0,0.0
2213,2213.0,2213.0,2213.0,2213.0,2213.0,2213.0,2016-11-28 00:00:00+05:30,117.6871422538835,119.28922973755462,116.8578312014828,117.53636169433594,10610,0.0,0.0
2214,2214.0,2214.0,2214.0,2214.0,2214.0,2214.0,2016-11-29 00:00:00+05:30,116.4808702411754,118.74263617779114,116.4808702411754,117.23479461669922,9710,0.0,0.0
2215,2215.0,2215.0,2215.0,2215.0,2215.0,2215.0,2016-11-30 00:00:00+05:30,116.93322820881234,118.96881255194828,114.97303055249192,116.76359558105467,14575,0.0,0.0
2216,2216.0,2216.0,2216.0,2216.0,2216.0,2216.0,2016-12-01 00:00:00+05:30,116.48085889770238,119.45885198205868,114.89762361525008,118.12063598632812,5632,0.0,0.0
2217,2217.0,2217.0,2217.0,2217.0,2217.0,2217.0,2016-12-02 00:00:00+05:30,119.06304731174836,119.06304731174836,114.97302669840984,115.76464080810548,10437,0.0,0.0
2218,2218.0,2218.0,2218.0,2218.0,2218.0,2218.0,2016-12-05 00:00:00+05:30,113.10706589288014,116.83898351368852,113.06937614636772,116.36778259277344,2445,0.0,0.0
2219,2219.0,2219.0,2219.0,2219.0,2219.0,2219.0,2016-12-06 00:00:00+05:30,120.25047599817536,120.25047599817536,115.87773193932938,117.63059997558594,4147,0.0,0.0
2220,2220.0,2220.0,2220.0,2220.0,2220.0,2220.0,2016-12-07 00:00:00+05:30,117.31018993115867,119.30807732787798,117.25364092882955,118.74263763427734,6022,0.0,0.0
2221,2221.0,2221.0,2221.0,2221.0,2221.0,2221.0,2016-12-08 00:00:00+05:30,118.68607005977496,119.87349100160668,117.63057758819254,119.4776840209961,4752,0.0,0.0
2222,2222.0,2222.0,2222.0,2222.0,2222.0,2222.0,2016-12-09 00:00:00+05:30,118.66722938495926,120.62742679598315,117.74367967492728,120.45779418945312,5027,0.0,0.0
2223,2223.0,2223.0,2223.0,2223.0,2223.0,2223.0,2016-12-12 00:00:00+05:30,119.13843873581148,123.07768589955924,119.13843873581148,120.26932525634766,20130,0.0,0.0
2224,2224.0,2224.0,2224.0,2224.0,2224.0,2224.0,2016-12-13 00:00:00+05:30,120.98555239676372,120.98555239676372,118.85572223264042,120.28816986083984,3227,0.0,0.0
2225,2225.0,2225.0,2225.0,2225.0,2225.0,2225.0,2016-12-14 00:00:00+05:30,118.87456653097354,125.90489052590048,115.72694786280373,116.57510375976562,82735,0.0,0.0
2226,2226.0,2226.0,2226.0,2226.0,2226.0,2226.0,2016-12-15 00:00:00+05:30,114.97302907048685,118.53530701752378,114.97302907048685,117.0840072631836,4610,0.0,0.0
2227,2227.0,2227.0,2227.0,2227.0,2227.0,2227.0,2016-12-16 00:00:00+05:30,117.23479564117532,118.36567502438773,112.33430153735816,113.239013671875,17807,0.0,0.0
2228,2228.0,2228.0,2228.0,2228.0,2228.0,2228.0,2016-12-19 00:00:00+05:30,117.2348014528196,117.2348014528196,114.65262217950708,115.59502410888672,6260,0.0,0.0
2229,2229.0,2229.0,2229.0,2229.0,2229.0,2229.0,2016-12-20 00:00:00+05:30,116.27352621158124,116.27352621158124,112.07041523738566,115.06725311279295,10340,0.0,0.0
2230,2230.0,2230.0,2230.0,2230.0,2230.0,2230.0,2016-12-21 00:00:00+05:30,115.3499887233852,115.72695090413904,113.48402988312924,113.91753387451172,4942,0.0,0.0
2231,2231.0,2231.0,2231.0,2231.0,2231.0,2231.0,2016-12-22 00:00:00+05:30,113.4840275206395,115.34998632205026,109.69557529832188,110.73221588134766,8827,0.0,0.0
2232,2232.0,2232.0,2232.0,2232.0,2232.0,2232.0,2016-12-23 00:00:00+05:30,109.69558953465886,113.0128412688467,109.69558953465886,110.97725677490234,3507,0.0,0.0
2233,2233.0,2233.0,2233.0,2233.0,2233.0,2233.0,2016-12-26 00:00:00+05:30,113.84214529832012,113.84214529832012,108.56468923538644,110.63797760009766,8370,0.0,0.0
2234,2234.0,2234.0,2234.0,2234.0,2234.0,2234.0,2016-12-27 00:00:00+05:30,110.44949199127124,111.93848861353511,110.0913818829866,110.82645416259766,9105,0.0,0.0
2235,2235.0,2235.0,2235.0,2235.0,2235.0,2235.0,2016-12-28 00:00:00+05:30,111.24111485514236,114.59606312884624,111.20341791847702,114.21910095214844,4955,0.0,0.0
2236,2236.0,2236.0,2236.0,2236.0,2236.0,2236.0,2016-12-29 00:00:00+05:30,113.46518928364834,115.34999306845992,111.24112024237422,112.88089752197266,7272,0.0,0.0
2237,2237.0,2237.0,2237.0,2237.0,2237.0,2237.0,2016-12-30 00:00:00+05:30,109.69557190494736,116.10389988629473,109.69557190494736,115.44422149658205,5455,0.0,0.0
2238,2238.0,2238.0,2238.0,2238.0,2238.0,2238.0,2017-01-02 00:00:00+05:30,113.35209759921428,117.9887131487169,113.35209759921428,116.8955307006836,3802,0.0,0.0
2239,2239.0,2239.0,2239.0,2239.0,2239.0,2239.0,2017-01-03 00:00:00+05:30,117.61175226685916,118.74263159655852,116.44316881088704,116.46202087402344,15352,0.0,0.0
2240,2240.0,2240.0,2240.0,2240.0,2240.0,2240.0,2017-01-04 00:00:00+05:30,116.8955319419088,118.74263879368247,114.97303121293064,116.59396362304688,22957,0.0,0.0
2241,2241.0,2241.0,2241.0,2241.0,2241.0,2241.0,2017-01-05 00:00:00+05:30,117.23479444392125,120.60859487498672,117.23479444392125,119.19499206542967,13812,0.0,0.0
2242,2242.0,2242.0,2242.0,2242.0,2242.0,2242.0,2017-01-06 00:00:00+05:30,119.5342392223175,121.00438370937998,117.98870086669922,117.98870086669922,13387,0.0,0.0
2243,2243.0,2243.0,2243.0,2243.0,2243.0,2243.0,2017-01-09 00:00:00+05:30,119.38346864620216,119.40231351993754,114.97302762669466,115.57616424560548,5535,0.0,0.0
2244,2244.0,2244.0,2244.0,2244.0,2244.0,2244.0,2017-01-10 00:00:00+05:30,116.85783284216284,119.7604323512511,116.38663190328316,118.96881103515624,8952,0.0,0.0
2245,2245.0,2245.0,2245.0,2245.0,2245.0,2245.0,2017-01-11 00:00:00+05:30,119.5719309366002,120.26931340536387,118.08294164237915,119.34575653076172,7002,0.0,0.0
2246,2246.0,2246.0,2246.0,2246.0,2246.0,2246.0,2017-01-12 00:00:00+05:30,118.76147580603656,119.8735102563403,117.61175160958152,118.5541534423828,6617,0.0,0.0
2247,2247.0,2247.0,2247.0,2247.0,2247.0,2247.0,2017-01-13 00:00:00+05:30,119.68503847544098,120.25047816410546,118.101803033207,118.96881103515624,10045,0.0,0.0
2248,2248.0,2248.0,2248.0,2248.0,2248.0,2248.0,2017-01-16 00:00:00+05:30,116.48086901768043,119.11959711434136,115.3876865936048,117.53636169433594,8397,0.0,0.0
2249,2249.0,2249.0,2249.0,2249.0,2249.0,2249.0,2017-01-17 00:00:00+05:30,117.95100898803771,118.91225562988738,117.1593877624366,118.57299041748048,4307,0.0,0.0
2250,2250.0,2250.0,2250.0,2250.0,2250.0,2250.0,2017-01-18 00:00:00+05:30,117.34787435363944,123.26616396859669,117.32902948035552,120.13739013671876,39807,0.0,0.0
2251,2251.0,2251.0,2251.0,2251.0,2251.0,2251.0,2017-01-19 00:00:00+05:30,118.78033625953698,120.49550742879428,118.78033625953698,120.23163604736328,10787,0.0,0.0
2252,2252.0,2252.0,2252.0,2252.0,2252.0,2252.0,2017-01-20 00:00:00+05:30,119.3269137719374,121.38134990205768,118.36565994768536,118.855712890625,9550,0.0,0.0
2253,2253.0,2253.0,2253.0,2253.0,2253.0,2253.0,2017-01-23 00:00:00+05:30,118.47876015728338,119.4023099316302,117.32902876517554,118.32797241210938,6210,0.0,0.0
2254,2254.0,2254.0,2254.0,2254.0,2254.0,2254.0,2017-01-24 00:00:00+05:30,118.98765685948251,118.98765685948251,118.17719071191313,118.68608856201172,8890,0.0,0.0
2255,2255.0,2255.0,2255.0,2255.0,2255.0,2255.0,2017-01-25 00:00:00+05:30,119.11958065659638,120.58972506135696,118.78031545704322,119.76041412353516,21957,0.0,0.0
2256,2256.0,2256.0,2256.0,2256.0,2256.0,2256.0,2017-01-27 00:00:00+05:30,119.00648446382576,121.64521207626468,118.96878753336756,121.17401123046876,15505,0.0,0.0
2257,2257.0,2257.0,2257.0,2257.0,2257.0,2257.0,2017-01-30 00:00:00+05:30,118.76147610384484,121.96564378139507,118.76147610384484,120.36356353759766,14102,0.0,0.0
2258,2258.0,2258.0,2258.0,2258.0,2258.0,2258.0,2017-01-31 00:00:00+05:30,123.64312269018173,123.64312269018173,118.76148070721209,119.17613983154295,5602,0.0,0.0
2259,2259.0,2259.0,2259.0,2259.0,2259.0,2259.0,2017-02-01 00:00:00+05:30,119.44000187927118,139.40007225083872,119.19498258853028,131.29542541503906,646302,0.0,0.0
2260,2260.0,2260.0,2260.0,2260.0,2260.0,2260.0,2017-02-02 00:00:00+05:30,131.55929569502052,134.49958467956918,130.0514470783796,131.3708038330078,106935,0.0,0.0
2261,2261.0,2261.0,2261.0,2261.0,2261.0,2261.0,2017-02-03 00:00:00+05:30,133.82106876354587,134.1980237686616,131.3331283420116,131.74778747558594,38322,0.0,0.0
2262,2262.0,2262.0,2262.0,2262.0,2262.0,2262.0,2017-02-06 00:00:00+05:30,132.5393969449993,135.9508870748207,131.18233596653232,134.66921997070312,127667,0.0,0.0
2263,2263.0,2263.0,2263.0,2263.0,2263.0,2263.0,2017-02-07 00:00:00+05:30,137.59066346385669,142.8681193212838,134.00953373059613,136.70480346679688,202307,0.0,0.0
2264,2264.0,2264.0,2264.0,2264.0,2264.0,2264.0,2017-02-08 00:00:00+05:30,137.34568211522006,138.74043314489526,134.57501774362927,136.76138305664062,34617,0.0,0.0
2265,2265.0,2265.0,2265.0,2265.0,2265.0,2265.0,2017-02-09 00:00:00+05:30,137.04408765742042,138.34460692924787,134.61268893961417,135.8378143310547,26435,0.0,0.0
2266,2266.0,2266.0,2266.0,2266.0,2266.0,2266.0,2017-02-10 00:00:00+05:30,135.32889161678378,136.08280148257708,130.899592065749,132.25665283203125,14777,0.0,0.0
2267,2267.0,2267.0,2267.0,2267.0,2267.0,2267.0,2017-02-13 00:00:00+05:30,133.51946875014696,135.3288927063642,129.93835371906917,133.9341278076172,39400,0.0,0.0
2268,2268.0,2268.0,2268.0,2268.0,2268.0,2268.0,2017-02-14 00:00:00+05:30,135.61159408651662,135.70584000515018,131.22001324841355,132.01162719726562,19980,0.0,0.0
2269,2269.0,2269.0,2269.0,2269.0,2269.0,2269.0,2017-02-15 00:00:00+05:30,130.56034980008033,131.9362628685852,126.31954135073296,128.43052673339844,7602,0.0,0.0
2270,2270.0,2270.0,2270.0,2270.0,2270.0,2270.0,2017-02-16 00:00:00+05:30,130.42841452027315,134.8765525470025,128.18550782283316,134.0283966064453,15560,0.0,0.0
2271,2271.0,2271.0,2271.0,2271.0,2271.0,2271.0,2017-02-17 00:00:00+05:30,135.02732005781488,139.47545741774655,132.95403910731673,137.17599487304688,23052,0.0,0.0
2272,2272.0,2272.0,2272.0,2272.0,2272.0,2272.0,2017-02-20 00:00:00+05:30,135.95088582533788,139.83359122913615,135.42314308965354,138.96658325195312,16512,0.0,0.0
2273,2273.0,2273.0,2273.0,2273.0,2273.0,2273.0,2017-02-21 00:00:00+05:30,140.5686623215861,140.5686623215861,136.08282034676745,137.25140380859375,18015,0.0,0.0
2274,2274.0,2274.0,2274.0,2274.0,2274.0,2274.0,2017-02-22 00:00:00+05:30,137.5906747853365,139.47547854951918,135.74356076927637,137.7226104736328,8487,0.0,0.0
2275,2275.0,2275.0,2275.0,2275.0,2275.0,2275.0,2017-02-23 00:00:00+05:30,138.79695773148066,140.22941271861424,135.70588049286945,139.1550750732422,27487,0.0,0.0
2276,2276.0,2276.0,2276.0,2276.0,2276.0,2276.0,2017-02-27 00:00:00+05:30,140.53095805847445,140.53095805847445,136.91213843686216,139.30584716796875,11602,0.0,0.0
2277,2277.0,2277.0,2277.0,2277.0,2277.0,2277.0,2017-02-28 00:00:00+05:30,138.34460828441237,139.85244276718345,137.28910832856886,139.19276428222656,18215,0.0,0.0
2278,2278.0,2278.0,2278.0,2278.0,2278.0,2278.0,2017-03-01 00:00:00+05:30,139.4943248824292,143.8859065438145,139.4943248824292,142.886962890625,36790,0.0,0.0
2279,2279.0,2279.0,2279.0,2279.0,2279.0,2279.0,2017-03-02 00:00:00+05:30,141.36027772303643,146.279616538191,140.22939837723436,140.75714111328125,23847,0.0,0.0
2280,2280.0,2280.0,2280.0,2280.0,2280.0,2280.0,2017-03-03 00:00:00+05:30,140.75711805152702,141.37910662277997,138.3445720077797,140.73826599121094,6565,0.0,0.0
2281,2281.0,2281.0,2281.0,2281.0,2281.0,2281.0,2017-03-06 00:00:00+05:30,139.47549823225043,143.01892463219278,135.70589017191935,142.15191650390625,20987,0.0,0.0
2282,2282.0,2282.0,2282.0,2282.0,2282.0,2282.0,2017-03-07 00:00:00+05:30,142.71732050917453,144.9413891705555,138.72153199112637,139.38121032714844,20440,0.0,0.0
2283,2283.0,2283.0,2283.0,2283.0,2283.0,2283.0,2017-03-08 00:00:00+05:30,141.36027410713905,141.36027410713905,137.21371181862725,137.77914428710938,8115,0.0,0.0
2284,2284.0,2284.0,2284.0,2284.0,2284.0,2284.0,2017-03-09 00:00:00+05:30,138.89120313763735,142.64195884917433,136.68597165947793,139.19276428222656,16602,0.0,0.0
2285,2285.0,2285.0,2285.0,2285.0,2285.0,2285.0,2017-03-10 00:00:00+05:30,139.87128445611452,140.58750470380468,137.79800320866502,139.9655303955078,17375,0.0,0.0
2286,2286.0,2286.0,2286.0,2286.0,2286.0,2286.0,2017-03-14 00:00:00+05:30,141.41679890269228,143.22620846799137,139.8524086062671,140.24822998046875,12140,0.0,0.0
2287,2287.0,2287.0,2287.0,2287.0,2287.0,2287.0,2017-03-15 00:00:00+05:30,141.66183182645162,141.92570315462962,136.7047896330176,140.36131286621094,15065,0.0,0.0
2288,2288.0,2288.0,2288.0,2288.0,2288.0,2288.0,2017-03-16 00:00:00+05:30,140.8325427899987,141.7372405648019,140.1540122689404,140.7760009765625,6572,0.0,0.0
2289,2289.0,2289.0,2289.0,2289.0,2289.0,2289.0,2017-03-17 00:00:00+05:30,139.09850651228564,140.9456059222071,138.41997608989126,140.07859802246094,9477,0.0,0.0
2290,2290.0,2290.0,2290.0,2290.0,2290.0,2290.0,2017-03-20 00:00:00+05:30,139.475472255292,140.98332095055682,137.2325512755611,139.2681427001953,11235,0.0,0.0
2291,2291.0,2291.0,2291.0,2291.0,2291.0,2291.0,2017-03-21 00:00:00+05:30,139.47546537829177,141.3602689644849,138.91001855046977,140.9267578125,63107,0.0,0.0
2292,2292.0,2292.0,2292.0,2292.0,2292.0,2292.0,2017-03-22 00:00:00+05:30,139.85243695731342,141.3037439438396,138.74040961171326,140.7006072998047,12732,0.0,0.0
2293,2293.0,2293.0,2293.0,2293.0,2293.0,2293.0,2017-03-23 00:00:00+05:30,140.34250000018804,150.6712319445571,139.9843826491142,147.5047607421875,87585,0.0,0.0
2294,2294.0,2294.0,2294.0,2294.0,2294.0,2294.0,2017-03-24 00:00:00+05:30,149.01255632759614,162.09309688728013,146.63771433138686,157.38108825683594,358690,0.0,0.0
2295,2295.0,2295.0,2295.0,2295.0,2295.0,2295.0,2017-03-27 00:00:00+05:30,158.94551032215043,181.31812256521133,158.47430936498523,170.32972717285156,965782,0.0,0.0
2296,2296.0,2296.0,2296.0,2296.0,2296.0,2296.0,2017-03-28 00:00:00+05:30,171.83752904723883,175.96525325143713,167.42709582624008,168.7653045654297,123975,0.0,0.0
2297,2297.0,2297.0,2297.0,2297.0,2297.0,2297.0,2017-03-29 00:00:00+05:30,169.63231285132696,171.74329792135526,161.58420833542965,162.67738342285156,73297,0.0,0.0
2298,2298.0,2298.0,2298.0,2298.0,2298.0,2298.0,2017-03-30 00:00:00+05:30,164.27951213813685,171.4983000282772,162.84705717120158,169.4627227783203,125595,0.0,0.0
2299,2299.0,2299.0,2299.0,2299.0,2299.0,2299.0,2017-03-31 00:00:00+05:30,171.30979506602466,175.66368670452303,167.3328583889882,170.5370330810547,64815,0.0,0.0
2300,2300.0,2300.0,2300.0,2300.0,2300.0,2300.0,2017-04-03 00:00:00+05:30,172.64802841390565,174.51398018422228,168.87842074382075,171.89410400390625,58360,0.0,0.0
2301,2301.0,2301.0,2301.0,2301.0,2301.0,2301.0,2017-04-05 00:00:00+05:30,174.02393374424324,174.02393374424324,165.95697599245335,168.21873474121094,50745,0.0,0.0
2302,2302.0,2302.0,2302.0,2302.0,2302.0,2302.0,2017-04-06 00:00:00+05:30,168.21870715391705,170.76318892396085,164.03444121300055,167.38938903808594,48767,0.0,0.0
2303,2303.0,2303.0,2303.0,2303.0,2303.0,2303.0,2017-04-07 00:00:00+05:30,165.86272026735583,170.3862518779022,162.0931129885523,163.1297607421875,62415,0.0,0.0
2304,2304.0,2304.0,2304.0,2304.0,2304.0,2304.0,2017-04-10 00:00:00+05:30,165.10879711090084,170.31085921905432,156.58949092732283,168.3883514404297,52082,0.0,0.0
2305,2305.0,2305.0,2305.0,2305.0,2305.0,2305.0,2017-04-11 00:00:00+05:30,168.4260560134082,170.3297117341839,163.0543684645963,166.37161254882812,30935,0.0,0.0
2306,2306.0,2306.0,2306.0,2306.0,2306.0,2306.0,2017-04-12 00:00:00+05:30,166.23966778876283,173.02497209027146,164.37371629580292,170.8009033203125,134847,0.0,0.0
2307,2307.0,2307.0,2307.0,2307.0,2307.0,2307.0,2017-04-13 00:00:00+05:30,172.6480094154374,196.84889547183175,170.76320578780184,192.2122802734375,618855,0.0,0.0
2308,2308.0,2308.0,2308.0,2308.0,2308.0,2308.0,2017-04-17 00:00:00+05:30,196.01960362916617,203.04992843264293,190.3463399208312,191.3641357421875,155437,0.0,0.0
2309,2309.0,2309.0,2309.0,2309.0,2309.0,2309.0,2017-04-18 00:00:00+05:30,193.4562245421481,198.281316762215,181.8081386709667,183.18405151367188,65282,0.0,0.0
2310,2310.0,2310.0,2310.0,2310.0,2310.0,2310.0,2017-04-19 00:00:00+05:30,185.91707591147392,196.01962707252812,181.69511873936463,193.2866668701172,90442,0.0,0.0
2311,2311.0,2311.0,2311.0,2311.0,2311.0,2311.0,2017-04-20 00:00:00+05:30,194.4551760685977,197.88551790617623,189.1023409642066,190.8928985595703,47905,0.0,0.0
2312,2312.0,2312.0,2312.0,2312.0,2312.0,2312.0,2017-04-21 00:00:00+05:30,191.8353007491799,192.2499598260609,182.82594218752848,186.934814453125,54905,0.0,0.0
2313,2313.0,2313.0,2313.0,2313.0,2313.0,2313.0,2017-04-24 00:00:00+05:30,186.9348235645397,191.38296125712705,186.06781562512492,186.61441040039065,27230,0.0,0.0
2314,2314.0,2314.0,2314.0,2314.0,2314.0,2314.0,2017-04-25 00:00:00+05:30,186.85942746336335,190.3651633043108,185.12541160523523,187.14215087890625,22040,0.0,0.0
2315,2315.0,2315.0,2315.0,2315.0,2315.0,2315.0,2017-04-26 00:00:00+05:30,184.71076165687137,187.68875493884445,180.9600063393977,184.76730346679688,42427,0.0,0.0
2316,2316.0,2316.0,2316.0,2316.0,2316.0,2316.0,2017-04-27 00:00:00+05:30,184.5976589435549,188.0845425341104,181.4123364347146,181.7892913818359,19417,0.0,0.0
2317,2317.0,2317.0,2317.0,2317.0,2317.0,2317.0,2017-04-28 00:00:00+05:30,182.1097356793004,193.0981301410646,180.58303492903957,189.25314331054688,71842,0.0,0.0
2318,2318.0,2318.0,2318.0,2318.0,2318.0,2318.0,2017-05-02 00:00:00+05:30,191.26987136939596,191.7976140647852,183.9379723001636,186.10549926757812,47485,0.0,0.0
2319,2319.0,2319.0,2319.0,2319.0,2319.0,2319.0,2017-05-03 00:00:00+05:30,186.21859662689897,187.19868814644877,180.94114093111097,182.41128540039065,26425,0.0,0.0
2320,2320.0,2320.0,2320.0,2320.0,2320.0,2320.0,2017-05-04 00:00:00+05:30,182.9955870820966,183.5421818889043,180.94115792056425,182.0343475341797,19055,0.0,0.0
2321,2321.0,2321.0,2321.0,2321.0,2321.0,2321.0,2017-05-05 00:00:00+05:30,182.6751470891216,182.6751470891216,173.4019175578578,175.0793914794922,30572,0.0,0.0
2322,2322.0,2322.0,2322.0,2322.0,2322.0,2322.0,2017-05-08 00:00:00+05:30,175.07940067766498,179.75371981065572,174.74013546333575,178.4908905029297,7140,0.0,0.0
2323,2323.0,2323.0,2323.0,2323.0,2323.0,2323.0,2017-05-09 00:00:00+05:30,179.64064485435603,179.8102846732283,172.28992156783195,173.02499389648438,26765,0.0,0.0
2324,2324.0,2324.0,2324.0,2324.0,2324.0,2324.0,2017-05-10 00:00:00+05:30,173.40193738147488,175.3432828578948,171.1590164159474,172.08258056640625,21760,0.0,0.0
2325,2325.0,2325.0,2325.0,2325.0,2325.0,2325.0,2017-05-11 00:00:00+05:30,170.23546322446643,180.3568638906517,170.23546322446643,176.79458618164062,26380,0.0,0.0
2326,2326.0,2326.0,2326.0,2326.0,2326.0,2326.0,2017-05-12 00:00:00+05:30,178.92440751462982,179.05634319231194,170.763204421107,171.30979919433594,26640,0.0,0.0
2327,2327.0,2327.0,2327.0,2327.0,2327.0,2327.0,2017-05-15 00:00:00+05:30,173.40193410770044,174.909782764949,168.50144754150838,168.95379638671875,24147,0.0,0.0
2328,2328.0,2328.0,2328.0,2328.0,2328.0,2328.0,2017-05-16 00:00:00+05:30,168.87842999681945,170.57475641728328,163.26172231339933,164.18527221679688,61355,0.0,0.0
2329,2329.0,2329.0,2329.0,2329.0,2329.0,2329.0,2017-05-17 00:00:00+05:30,165.48577524096336,171.15902418312058,164.05332036251937,170.1223907470703,36447,0.0,0.0
2330,2330.0,2330.0,2330.0,2330.0,2330.0,2330.0,2017-05-18 00:00:00+05:30,170.00929176448764,173.76006156434025,147.76861623839747,153.17799377441406,266905,0.0,0.0
2331,2331.0,2331.0,2331.0,2331.0,2331.0,2331.0,2017-05-19 00:00:00+05:30,152.21675260273813,155.2701254289871,148.14556966119125,149.8230438232422,58322,0.0,0.0
2332,2332.0,2332.0,2332.0,2332.0,2332.0,2332.0,2017-05-22 00:00:00+05:30,153.04604770323002,154.55389634637834,144.960252853576,150.1057586669922,53040,0.0,0.0
2333,2333.0,2333.0,2333.0,2333.0,2333.0,2333.0,2017-05-23 00:00:00+05:30,149.6533855685324,151.33085936267844,147.01465806069223,150.61463928222656,37132,0.0,0.0
2334,2334.0,2334.0,2334.0,2334.0,2334.0,2334.0,2017-05-24 00:00:00+05:30,150.35078017913645,151.9151706530081,141.73722811131196,143.8670654296875,20197,0.0,0.0
2335,2335.0,2335.0,2335.0,2335.0,2335.0,2335.0,2017-05-25 00:00:00+05:30,146.2796102179959,148.88063403895126,145.0167952427436,148.0136260986328,14340,0.0,0.0
2336,2336.0,2336.0,2336.0,2336.0,2336.0,2336.0,2017-05-26 00:00:00+05:30,148.8806373038546,153.1779873544162,148.8806373038546,150.95391845703125,38302,0.0,0.0
2337,2337.0,2337.0,2337.0,2337.0,2337.0,2337.0,2017-05-29 00:00:00+05:30,151.3497414327709,153.04605324282383,145.69533038616544,148.86180114746094,13785,0.0,0.0
2338,2338.0,2338.0,2338.0,2338.0,2338.0,2338.0,2017-05-30 00:00:00+05:30,149.69108898987292,149.93612264551223,145.90264434710303,147.0335235595703,7237,0.0,0.0
2339,2339.0,2339.0,2339.0,2339.0,2339.0,2339.0,2017-05-31 00:00:00+05:30,147.01468728019816,147.01468728019816,143.62203489869077,144.82830810546875,58527,0.0,0.0
2340,2340.0,2340.0,2340.0,2340.0,2340.0,2340.0,2017-06-01 00:00:00+05:30,145.69532033924594,146.93928320616374,143.99899426625808,145.5256805419922,14537,0.0,0.0
2341,2341.0,2341.0,2341.0,2341.0,2341.0,2341.0,2017-06-02 00:00:00+05:30,148.89946946832805,148.89946946832805,143.24505923535355,146.41152954101562,20905,0.0,0.0
2342,2342.0,2342.0,2342.0,2342.0,2342.0,2342.0,2017-06-05 00:00:00+05:30,141.73721979162696,154.5538895555113,141.73721979162696,153.74342346191406,21055,0.0,0.0
2343,2343.0,2343.0,2343.0,2343.0,2343.0,2343.0,2017-06-06 00:00:00+05:30,154.55390098396802,155.47745075615575,150.80314570597602,152.89527893066406,15117,0.0,0.0
2344,2344.0,2344.0,2344.0,2344.0,2344.0,2344.0,2017-06-07 00:00:00+05:30,153.40414900893086,157.88997596607678,152.81986455104243,154.13922119140625,28170,0.0,0.0
2345,2345.0,2345.0,2345.0,2345.0,2345.0,2345.0,2017-06-08 00:00:00+05:30,152.66909782477106,155.30782584834188,151.10470732180778,154.53504943847656,6252,0.0,0.0
2346,2346.0,2346.0,2346.0,2346.0,2346.0,2346.0,2017-06-09 00:00:00+05:30,153.30991098090902,160.20829874695818,153.29107329929724,158.07847595214844,20060,0.0,0.0
2347,2347.0,2347.0,2347.0,2347.0,2347.0,2347.0,2017-06-12 00:00:00+05:30,158.0784815548936,159.4543801166191,151.36857102651143,152.65023803710938,14750,0.0,0.0
2348,2348.0,2348.0,2348.0,2348.0,2348.0,2348.0,2017-06-13 00:00:00+05:30,154.91201840521794,155.9486517968846,149.2764450723306,150.84083557128906,6847,0.0,0.0
2349,2349.0,2349.0,2349.0,2349.0,2349.0,2349.0,2017-06-14 00:00:00+05:30,152.6691138381448,153.42303826394524,149.3518549925701,150.65237426757812,6692,0.0,0.0
2350,2350.0,2350.0,2350.0,2350.0,2350.0,2350.0,2017-06-15 00:00:00+05:30,151.8774940394809,153.76229784425007,148.8995005767667,152.08482360839844,5742,0.0,0.0
2351,2351.0,2351.0,2351.0,2351.0,2351.0,2351.0,2017-06-16 00:00:00+05:30,153.98844685436586,154.25231820537925,151.53821082639726,152.65023803710938,4507,0.0,0.0
2352,2352.0,2352.0,2352.0,2352.0,2352.0,2352.0,2017-06-19 00:00:00+05:30,154.13921652196703,154.55387556206526,149.2764204006655,149.44606018066406,10602,0.0,0.0
2353,2353.0,2353.0,2353.0,2353.0,2353.0,2353.0,2017-06-20 00:00:00+05:30,151.19893874928837,156.38214836326722,148.5225212361576,152.6313934326172,15750,0.0,0.0
2354,2354.0,2354.0,2354.0,2354.0,2354.0,2354.0,2017-06-21 00:00:00+05:30,152.29214610367177,152.29214610367177,148.9371834078875,151.952880859375,2785,0.0,0.0
2355,2355.0,2355.0,2355.0,2355.0,2355.0,2355.0,2017-06-22 00:00:00+05:30,151.55708144571852,153.79998820396094,150.1057744575321,151.858642578125,7630,0.0,0.0
2356,2356.0,2356.0,2356.0,2356.0,2356.0,2356.0,2017-06-23 00:00:00+05:30,151.85862453420597,151.85862453420597,147.50473284680217,148.69215393066406,9082,0.0,0.0
2357,2357.0,2357.0,2357.0,2357.0,2357.0,2357.0,2017-06-27 00:00:00+05:30,144.56442435673202,150.33193291124542,141.43565798838628,142.32151794433594,39300,0.0,0.0
2358,2358.0,2358.0,2358.0,2358.0,2358.0,2358.0,2017-06-28 00:00:00+05:30,141.73725510816428,143.24510406076928,141.43569394559128,142.79275512695312,88690,0.0,0.0
2359,2359.0,2359.0,2359.0,2359.0,2359.0,2359.0,2017-06-29 00:00:00+05:30,143.9990047412922,146.88275208519133,142.47230397459018,142.8115692138672,5297,0.0,0.0
2360,2360.0,2360.0,2360.0,2360.0,2360.0,2360.0,2017-06-30 00:00:00+05:30,142.1141947401264,145.0544837633305,141.36027042189423,142.56654357910156,12305,0.0,0.0
2361,2361.0,2361.0,2361.0,2361.0,2361.0,2361.0,2017-07-03 00:00:00+05:30,139.85241888434152,152.66908888868932,139.5320057292103,147.31625366210938,45720,0.0,0.0
2362,2362.0,2362.0,2362.0,2362.0,2362.0,2362.0,2017-07-04 00:00:00+05:30,147.31625383025633,147.31625383025633,142.60424490856047,143.32046508789062,108417,0.0,0.0
2363,2363.0,2363.0,2363.0,2363.0,2363.0,2363.0,2017-07-05 00:00:00+05:30,142.62309166947833,144.6021412945323,142.62309166947833,143.00006103515625,46740,0.0,0.0
2364,2364.0,2364.0,2364.0,2364.0,2364.0,2364.0,2017-07-06 00:00:00+05:30,143.00006788103525,150.03037792353865,141.73723842044714,146.9770050048828,34880,0.0,0.0
2365,2365.0,2365.0,2365.0,2365.0,2365.0,2365.0,2017-07-07 00:00:00+05:30,147.01468351212844,152.23558325328315,146.260759182238,149.80419921875,50597,0.0,0.0
2366,2366.0,2366.0,2366.0,2366.0,2366.0,2366.0,2017-07-10 00:00:00+05:30,145.31834825612114,154.44080475415896,145.1675605236125,152.14134216308594,3032,0.0,0.0
2367,2367.0,2367.0,2367.0,2367.0,2367.0,2367.0,2017-07-11 00:00:00+05:30,152.8010250765277,171.2909435247087,152.29213443901605,160.60411071777344,221682,0.0,0.0
2368,2368.0,2368.0,2368.0,2368.0,2368.0,2368.0,2017-07-12 00:00:00+05:30,162.43236321192424,167.65326248355433,159.52976414982362,163.05435180664062,104462,0.0,0.0
2369,2369.0,2369.0,2369.0,2369.0,2369.0,2369.0,2017-07-13 00:00:00+05:30,163.97791540430157,165.7307833510612,156.25022341640278,159.5486297607422,48557,0.0,0.0
2370,2370.0,2370.0,2370.0,2370.0,2370.0,2370.0,2017-07-14 00:00:00+05:30,159.91100815577013,163.5349486707041,158.34699356113325,160.9791259765625,44442,2.0,0.0
2371,2371.0,2371.0,2371.0,2371.0,2371.0,2371.0,2017-07-17 00:00:00+05:30,162.08541834430105,165.86193544409605,159.35792730475188,163.63035583496094,44717,0.0,0.0
2372,2372.0,2372.0,2372.0,2372.0,2372.0,2372.0,2017-07-18 00:00:00+05:30,160.78838637625276,163.916415391361,159.47232024181537,161.7229766845703,58782,0.0,0.0
2373,2373.0,2373.0,2373.0,2373.0,2373.0,2373.0,2017-07-19 00:00:00+05:30,161.57040238491263,164.8510220559673,159.83473449725517,162.3524169921875,21415,0.0,0.0
2374,2374.0,2374.0,2374.0,2374.0,2374.0,2374.0,2017-07-20 00:00:00+05:30,162.14262197141358,167.08261475542702,160.29250389956323,166.2243194580078,49737,0.0,0.0
2375,2375.0,2375.0,2375.0,2375.0,2375.0,2375.0,2017-07-21 00:00:00+05:30,167.34962621380188,167.46407624828126,164.46955985346028,165.93820190429688,33722,0.0,0.0
2376,2376.0,2376.0,2376.0,2376.0,2376.0,2376.0,2017-07-24 00:00:00+05:30,164.8319395475065,167.0635187136767,163.4777330137156,165.74746704101562,43890,0.0,0.0
2377,2377.0,2377.0,2377.0,2377.0,2377.0,2377.0,2017-07-25 00:00:00+05:30,165.118012069764,166.3196280390431,162.90551074591176,164.62210083007812,65395,0.0,0.0
2378,2378.0,2378.0,2378.0,2378.0,2378.0,2378.0,2017-07-26 00:00:00+05:30,165.19433012567416,165.19433012567416,159.37695098393826,161.28428649902344,77842,0.0,0.0
2379,2379.0,2379.0,2379.0,2379.0,2379.0,2379.0,2017-07-27 00:00:00+05:30,161.32245033347277,161.32245033347277,157.16445809718564,157.8701629638672,22092,0.0,0.0
2380,2380.0,2380.0,2380.0,2380.0,2380.0,2380.0,2017-07-28 00:00:00+05:30,157.01185449503427,159.8728576852148,156.89741902400775,157.7938690185547,7635,0.0,0.0
2381,2381.0,2381.0,2381.0,2381.0,2381.0,2381.0,2017-07-31 00:00:00+05:30,157.7366544669838,159.22438851668142,154.57048481412662,154.9710235595703,15417,0.0,0.0
2382,2382.0,2382.0,2382.0,2382.0,2382.0,2382.0,2017-08-01 00:00:00+05:30,156.42059768331876,158.06090747450435,153.38792649196273,154.15086364746094,21037,0.0,0.0
2383,2383.0,2383.0,2383.0,2383.0,2383.0,2383.0,2017-08-02 00:00:00+05:30,154.30344223218697,155.63857123872037,153.06367126794038,153.2925567626953,17360,0.0,0.0
2384,2384.0,2384.0,2384.0,2384.0,2384.0,2384.0,2017-08-03 00:00:00+05:30,153.97922135244457,153.97922135244457,149.76399654339323,151.08006286621094,32492,0.0,0.0
2385,2385.0,2385.0,2385.0,2385.0,2385.0,2385.0,2017-08-04 00:00:00+05:30,149.53513336380445,150.90841750238198,147.24632161556934,148.6577606201172,24767,0.0,0.0
2386,2386.0,2386.0,2386.0,2386.0,2386.0,2386.0,2017-08-07 00:00:00+05:30,150.64138246385792,150.67952277568529,147.2463126385505,149.401611328125,6827,0.0,0.0
2387,2387.0,2387.0,2387.0,2387.0,2387.0,2387.0,2017-08-08 00:00:00+05:30,150.4506372492707,150.4506372492707,148.81032735617487,149.401611328125,4562,0.0,0.0
2388,2388.0,2388.0,2388.0,2388.0,2388.0,2388.0,2017-08-09 00:00:00+05:30,148.42885319773345,149.36344355077722,143.05016748246538,145.03379821777344,24510,0.0,0.0
2389,2389.0,2389.0,2389.0,2389.0,2389.0,2389.0,2017-08-10 00:00:00+05:30,143.43164164233818,146.2354275048138,143.05018031555676,144.2708740234375,24627,0.0,0.0
2390,2390.0,2390.0,2390.0,2390.0,2390.0,2390.0,2017-08-11 00:00:00+05:30,141.1619339788185,143.75591196595897,137.25188956460616,139.1592254638672,86785,0.0,0.0
2391,2391.0,2391.0,2391.0,2391.0,2391.0,2391.0,2017-08-14 00:00:00+05:30,144.53791717399784,144.53791717399784,142.28726015206365,143.6986846923828,3462,0.0,0.0
2392,2392.0,2392.0,2392.0,2392.0,2392.0,2392.0,2017-08-16 00:00:00+05:30,146.86483314139795,149.84027185755195,145.72043475455524,146.46429443359375,28210,0.0,0.0
2393,2393.0,2393.0,2393.0,2393.0,2393.0,2393.0,2017-08-17 00:00:00+05:30,149.76398267541094,151.06097144613847,140.51340806375015,147.91387939453125,56557,0.0,0.0
2394,2394.0,2394.0,2394.0,2394.0,2394.0,2394.0,2017-08-18 00:00:00+05:30,151.69040802330824,156.40152959676993,148.39072536497915,151.86207580566406,99632,0.0,0.0
2395,2395.0,2395.0,2395.0,2395.0,2395.0,2395.0,2017-08-21 00:00:00+05:30,152.56776899616742,154.87564330215002,146.4833783901462,147.41796875,26255,0.0,0.0
2396,2396.0,2396.0,2396.0,2396.0,2396.0,2396.0,2017-08-22 00:00:00+05:30,147.47519254566794,149.55419598055389,145.8158052839782,146.40708923339844,7037,0.0,0.0
2397,2397.0,2397.0,2397.0,2397.0,2397.0,2397.0,2017-08-23 00:00:00+05:30,150.20268057632472,151.82391294837265,146.75040774918335,150.77488708496094,9182,0.0,0.0
2398,2398.0,2398.0,2398.0,2398.0,2398.0,2398.0,2017-08-24 00:00:00+05:30,150.03103365490333,153.73125503019767,149.72585295699798,153.27349853515625,8237,0.0,0.0
2399,2399.0,2399.0,2399.0,2399.0,2399.0,2399.0,2017-08-28 00:00:00+05:30,152.5868846403387,155.44788872734506,152.5868846403387,153.63592529296875,17117,0.0,0.0
2400,2400.0,2400.0,2400.0,2400.0,2400.0,2400.0,2017-08-29 00:00:00+05:30,150.6985923035665,154.6658393572915,150.67951487274502,154.2843780517578,17430,0.0,0.0
2401,2401.0,2401.0,2401.0,2401.0,2401.0,2401.0,2017-08-30 00:00:00+05:30,154.5323511894956,157.16448409532003,154.5323511894956,156.84024047851562,23585,0.0,0.0
2402,2402.0,2402.0,2402.0,2402.0,2402.0,2402.0,2017-08-31 00:00:00+05:30,157.24074799588163,160.21618680860334,156.40151569411276,158.8810577392578,10557,0.0,0.0
2403,2403.0,2403.0,2403.0,2403.0,2403.0,2403.0,2017-09-01 00:00:00+05:30,159.66305866622304,163.09626850967527,157.3361069447516,161.68482971191406,21637,0.0,0.0
2404,2404.0,2404.0,2404.0,2404.0,2404.0,2404.0,2017-09-04 00:00:00+05:30,161.07449135733623,167.08260162247626,160.19711869618996,165.86190795898438,77990,0.0,0.0
2405,2405.0,2405.0,2405.0,2405.0,2405.0,2405.0,2017-09-05 00:00:00+05:30,165.86192395106053,167.08261773224928,163.6494219295876,164.73660278320312,26727,0.0,0.0
2406,2406.0,2406.0,2406.0,2406.0,2406.0,2406.0,2017-09-06 00:00:00+05:30,167.4640807502875,169.37141645563557,163.7447673937688,166.3387451171875,21990,0.0,0.0
2407,2407.0,2407.0,2407.0,2407.0,2407.0,2407.0,2017-09-07 00:00:00+05:30,164.60306594721342,171.66020175415815,164.60306594721342,171.4503936767578,30265,0.0,0.0
2408,2408.0,2408.0,2408.0,2408.0,2408.0,2408.0,2017-09-08 00:00:00+05:30,173.54845274464628,198.32475132043444,173.1860688955609,185.6791076660156,349805,0.0,0.0
2409,2409.0,2409.0,2409.0,2409.0,2409.0,2409.0,2017-09-11 00:00:00+05:30,186.91892154439088,187.47205071150577,175.51304625551472,180.3576812744141,83900,0.0,0.0
2410,2410.0,2410.0,2410.0,2410.0,2410.0,2410.0,2017-09-12 00:00:00+05:30,180.4339514288717,182.53201775501117,172.23241678090534,172.9571990966797,24760,0.0,0.0
2411,2411.0,2411.0,2411.0,2411.0,2411.0,2411.0,2017-09-13 00:00:00+05:30,172.95720634944325,187.77719872049107,172.72832082084557,175.16970825195312,59120,0.0,0.0
2412,2412.0,2412.0,2412.0,2412.0,2412.0,2412.0,2017-09-14 00:00:00+05:30,175.85636067858255,178.90810969963434,170.53490642850895,171.9654083251953,16277,0.0,0.0
2413,2413.0,2413.0,2413.0,2413.0,2413.0,2413.0,2017-09-15 00:00:00+05:30,173.43403258638222,175.0934198534508,168.2269998185576,170.99264526367188,16427,0.0,0.0
2414,2414.0,2414.0,2414.0,2414.0,2414.0,2414.0,2017-09-18 00:00:00+05:30,175.47489078568137,178.88902355914257,169.8101012222442,171.0880126953125,15137,0.0,0.0
2415,2415.0,2415.0,2415.0,2415.0,2415.0,2415.0,2017-09-19 00:00:00+05:30,172.40407980576938,176.23782879398024,170.9354376595388,172.8427734375,16120,0.0,0.0
2416,2416.0,2416.0,2416.0,2416.0,2416.0,2416.0,2017-09-20 00:00:00+05:30,172.93811063014408,175.4557929712192,169.79100406584632,171.6029815673828,11755,0.0,0.0
2417,2417.0,2417.0,2417.0,2417.0,2417.0,2417.0,2017-09-21 00:00:00+05:30,171.67929057870455,171.83186637545478,168.1316450095175,168.79920959472656,10125,0.0,0.0
2418,2418.0,2418.0,2418.0,2418.0,2418.0,2418.0,2017-09-22 00:00:00+05:30,168.24607093069278,168.24607093069278,162.60035932101388,164.90823364257812,21345,0.0,0.0
2419,2419.0,2419.0,2419.0,2419.0,2419.0,2419.0,2017-09-25 00:00:00+05:30,166.31966034785273,166.31966034785273,156.02005963482927,157.8701629638672,21135,0.0,0.0
2420,2420.0,2420.0,2420.0,2420.0,2420.0,2420.0,2017-09-26 00:00:00+05:30,157.8701818606023,170.66841821637013,156.4015396592844,165.1562042236328,95570,0.0,0.0
2421,2421.0,2421.0,2421.0,2421.0,2421.0,2421.0,2017-09-27 00:00:00+05:30,166.7965053937502,166.7965053937502,160.65489650680627,162.8101806640625,19827,0.0,0.0
2422,2422.0,2422.0,2422.0,2422.0,2422.0,2422.0,2017-09-28 00:00:00+05:30,162.1426197541009,164.90825083180255,159.9301032504858,163.70663452148438,13820,0.0,0.0
2423,2423.0,2423.0,2423.0,2423.0,2423.0,2423.0,2017-09-29 00:00:00+05:30,164.22158189271497,166.31964801003355,163.7638254520926,165.0226593017578,6380,0.0,0.0
2424,2424.0,2424.0,2424.0,2424.0,2424.0,2424.0,2017-10-03 00:00:00+05:30,167.44502328735587,169.352359220163,161.30339925542597,163.2298126220703,8617,0.0,0.0
2425,2425.0,2425.0,2425.0,2425.0,2425.0,2425.0,2017-10-04 00:00:00+05:30,165.9000511195532,169.18065601390396,163.74475265336852,168.09347534179688,10855,0.0,0.0
2426,2426.0,2426.0,2426.0,2426.0,2426.0,2426.0,2017-10-05 00:00:00+05:30,169.18069296191646,182.7227898497835,168.60850090794787,175.6465606689453,47892,0.0,0.0
2427,2427.0,2427.0,2427.0,2427.0,2427.0,2427.0,2017-10-06 00:00:00+05:30,177.00073469491377,186.0796409141712,177.00073469491377,185.56466674804688,70202,0.0,0.0
2428,2428.0,2428.0,2428.0,2428.0,2428.0,2428.0,2017-10-09 00:00:00+05:30,183.10423546243345,220.71689949196576,183.10423546243345,210.3409881591797,574247,0.0,0.0
2429,2429.0,2429.0,2429.0,2429.0,2429.0,2429.0,2017-10-10 00:00:00+05:30,213.621576924125,223.1201141580142,209.8450462149891,216.80682373046875,313287,0.0,0.0
2430,2430.0,2430.0,2430.0,2430.0,2430.0,2430.0,2017-10-11 00:00:00+05:30,215.56706495673268,216.6542456759778,192.75533273144111,203.89418029785156,139177,0.0,0.0
2431,2431.0,2431.0,2431.0,2431.0,2431.0,2431.0,2017-10-12 00:00:00+05:30,197.42833346811847,222.77682809078397,197.42833346811847,218.61883544921875,117037,0.0,0.0
2432,2432.0,2432.0,2432.0,2432.0,2432.0,2432.0,2017-10-13 00:00:00+05:30,222.96754756558263,228.49882403882137,212.85866247477333,216.1392822265625,96690,0.0,0.0
2433,2433.0,2433.0,2433.0,2433.0,2433.0,2433.0,2017-10-16 00:00:00+05:30,218.19919572276768,219.7250554728838,211.7142517672806,213.1066131591797,171952,0.0,0.0
2434,2434.0,2434.0,2434.0,2434.0,2434.0,2434.0,2017-10-17 00:00:00+05:30,216.29187959248773,221.19373194756724,210.97041103901108,211.96221923828125,84225,0.0,0.0
2435,2435.0,2435.0,2435.0,2435.0,2435.0,2435.0,2017-10-18 00:00:00+05:30,212.324595975976,215.52892032931635,205.6107811437378,213.6788024902344,44362,0.0,0.0
2436,2436.0,2436.0,2436.0,2436.0,2436.0,2436.0,2017-10-19 00:00:00+05:30,215.910376404582,216.6733135277553,207.8995729908002,213.774169921875,21595,0.0,0.0
2437,2437.0,2437.0,2437.0,2437.0,2437.0,2437.0,2017-10-23 00:00:00+05:30,217.07388745254244,224.37898721752015,213.2401528886479,223.23458862304688,130380,0.0,0.0
2438,2438.0,2438.0,2438.0,2438.0,2438.0,2438.0,2017-10-24 00:00:00+05:30,228.8802702338521,230.74946551022745,223.15826347800575,223.6541748046875,86715,0.0,0.0
2439,2439.0,2439.0,2439.0,2439.0,2439.0,2439.0,2017-10-25 00:00:00+05:30,230.59688801145955,230.63502832249011,217.62699948860347,219.1719512939453,23737,0.0,0.0
2440,2440.0,2440.0,2440.0,2440.0,2440.0,2440.0,2017-10-26 00:00:00+05:30,218.96212661114836,225.06559454067784,217.2645991385037,223.25363159179688,28205,0.0,0.0
2441,2441.0,2441.0,2441.0,2441.0,2441.0,2441.0,2017-10-27 00:00:00+05:30,225.06561937425803,226.0002098208797,220.10654931535817,223.34901428222656,23422,0.0,0.0
2442,2442.0,2442.0,2442.0,2442.0,2442.0,2442.0,2017-10-30 00:00:00+05:30,222.204606706603,228.1173444038832,221.65147761321836,226.7631378173828,20765,0.0,0.0
2443,2443.0,2443.0,2443.0,2443.0,2443.0,2443.0,2017-10-31 00:00:00+05:30,228.88029926788437,238.30254291099388,227.7549781146897,235.67041015625,163702,0.0,0.0
2444,2444.0,2444.0,2444.0,2444.0,2444.0,2444.0,2017-11-01 00:00:00+05:30,244.13896914176985,244.13896914176985,235.0028294096997,237.0818328857422,74645,0.0,0.0
2445,2445.0,2445.0,2445.0,2445.0,2445.0,2445.0,2017-11-02 00:00:00+05:30,240.17169014890175,241.087217620219,234.85022219192044,236.73849487304688,43790,0.0,0.0
2446,2446.0,2446.0,2446.0,2446.0,2446.0,2446.0,2017-11-03 00:00:00+05:30,238.03549958385045,238.03549958385045,221.44167037408127,222.0520172119141,57117,0.0,0.0
2447,2447.0,2447.0,2447.0,2447.0,2447.0,2447.0,2017-11-06 00:00:00+05:30,220.4498610310948,221.93758053080344,210.95132295722345,219.45803833007812,44022,0.0,0.0
2448,2448.0,2448.0,2448.0,2448.0,2448.0,2448.0,2017-11-07 00:00:00+05:30,219.30543938375575,223.9211877421979,210.41724908273173,215.4907684326172,34527,0.0,0.0
2449,2449.0,2449.0,2449.0,2449.0,2449.0,2449.0,2017-11-08 00:00:00+05:30,216.67330423974903,223.1582476810132,210.60797692583355,215.8531494140625,108727,0.0,0.0
2450,2450.0,2450.0,2450.0,2450.0,2450.0,2450.0,2017-11-09 00:00:00+05:30,221.23187274792983,224.66508296800484,216.88314950371296,219.6869354248047,34660,0.0,0.0
2451,2451.0,2451.0,2451.0,2451.0,2451.0,2451.0,2017-11-10 00:00:00+05:30,219.7250811461622,220.65968617740984,215.92948693018403,218.046630859375,11140,0.0,0.0
2452,2452.0,2452.0,2452.0,2452.0,2452.0,2452.0,2017-11-13 00:00:00+05:30,218.77138807128884,220.85039144766895,215.33819271340164,218.1610412597656,21697,0.0,0.0
2453,2453.0,2453.0,2453.0,2453.0,2453.0,2453.0,2017-11-14 00:00:00+05:30,219.72507648538587,222.3953494932194,215.9104049175714,220.3163604736328,11592,0.0,0.0
2454,2454.0,2454.0,2454.0,2454.0,2454.0,2454.0,2017-11-15 00:00:00+05:30,214.00303169901505,218.7523074474816,210.3981688621592,215.8531494140625,9812,0.0,0.0
2455,2455.0,2455.0,2455.0,2455.0,2455.0,2455.0,2017-11-16 00:00:00+05:30,220.4689244717697,220.4689244717697,216.3109466552389,217.20738220214844,21982,0.0,0.0
2456,2456.0,2456.0,2456.0,2456.0,2456.0,2456.0,2017-11-17 00:00:00+05:30,215.528916658316,222.77679755250765,215.528916658316,220.58335876464844,45740,0.0,0.0
2457,2457.0,2457.0,2457.0,2457.0,2457.0,2457.0,2017-11-20 00:00:00+05:30,222.43348753574944,223.12012953017216,219.38173887084128,220.8122406005859,35607,0.0,0.0
2458,2458.0,2458.0,2458.0,2458.0,2458.0,2458.0,2017-11-21 00:00:00+05:30,219.34363037380749,228.88030995527737,218.19923173439471,225.79042053222656,84662,0.0,0.0
2459,2459.0,2459.0,2459.0,2459.0,2459.0,2459.0,2017-11-22 00:00:00+05:30,227.48789644178905,227.73585936750865,223.34898193998671,225.46612548828125,48522,0.0,0.0
2460,2460.0,2460.0,2460.0,2460.0,2460.0,2460.0,2017-11-23 00:00:00+05:30,230.0246632052989,247.76287499556673,220.62149841136716,225.71408081054688,731770,0.0,0.0
2461,2461.0,2461.0,2461.0,2461.0,2461.0,2461.0,2017-11-24 00:00:00+05:30,229.07103470564783,229.6432412864483,221.6324219143314,222.37628173828125,52812,0.0,0.0
2462,2462.0,2462.0,2462.0,2462.0,2462.0,2462.0,2017-11-27 00:00:00+05:30,221.632373293965,230.15816507701152,220.10651366626072,224.56967163085935,41962,0.0,0.0
2463,2463.0,2463.0,2463.0,2463.0,2463.0,2463.0,2017-11-28 00:00:00+05:30,225.1991224154091,232.21811827681375,222.77681251256925,229.9293212890625,73880,0.0,0.0
2464,2464.0,2464.0,2464.0,2464.0,2464.0,2464.0,2017-11-29 00:00:00+05:30,234.3733987551566,234.3733987551566,223.57788657433923,226.57240295410156,31067,0.0,0.0
2465,2465.0,2465.0,2465.0,2465.0,2465.0,2465.0,2017-11-30 00:00:00+05:30,227.3734591664344,228.4987946583715,223.94026405856033,225.122802734375,11895,0.0,0.0
2466,2466.0,2466.0,2466.0,2466.0,2466.0,2466.0,2017-12-01 00:00:00+05:30,225.14190075207557,226.9729412207477,221.23185686830263,221.9375762939453,20245,0.0,0.0
2467,2467.0,2467.0,2467.0,2467.0,2467.0,2467.0,2017-12-04 00:00:00+05:30,227.7359023746566,227.7359023746566,222.75775466443244,224.9893341064453,29315,0.0,0.0
2468,2468.0,2468.0,2468.0,2468.0,2468.0,2468.0,2017-12-05 00:00:00+05:30,225.3326432457018,226.972953146875,221.3081636686161,223.9212188720703,69980,0.0,0.0
2469,2469.0,2469.0,2469.0,2469.0,2469.0,2469.0,2017-12-06 00:00:00+05:30,221.67055143840648,226.62962121507044,221.30815300854255,224.32174682617188,36210,0.0,0.0
2470,2470.0,2470.0,2470.0,2470.0,2470.0,2470.0,2017-12-07 00:00:00+05:30,225.0655969881446,228.8802681235369,222.01386299019387,224.64598083496097,10132,0.0,0.0
2471,2471.0,2471.0,2471.0,2471.0,2471.0,2471.0,2017-12-08 00:00:00+05:30,224.64601307117,226.95388769303935,221.28909791580648,223.23458862304688,12965,0.0,0.0
2472,2472.0,2472.0,2472.0,2472.0,2472.0,2472.0,2017-12-11 00:00:00+05:30,224.30269203764624,226.09559238513884,222.1664852084475,223.23458862304688,18282,0.0,0.0
2473,2473.0,2473.0,2473.0,2473.0,2473.0,2473.0,2017-12-12 00:00:00+05:30,226.5914947954523,226.5914947954523,218.2564322603373,223.0629119873047,28907,0.0,0.0
2474,2474.0,2474.0,2474.0,2474.0,2474.0,2474.0,2017-12-13 00:00:00+05:30,223.13920177605664,223.13920177605664,209.8069291696913,211.42816162109375,68320,0.0,0.0
2475,2475.0,2475.0,2475.0,2475.0,2475.0,2475.0,2017-12-14 00:00:00+05:30,212.09572358555553,223.34900710290685,212.09572358555553,222.89125061035156,56137,0.0,0.0
2476,2476.0,2476.0,2476.0,2476.0,2476.0,2476.0,2017-12-15 00:00:00+05:30,226.4007151111763,230.0246554248301,223.15825062369473,228.42250061035156,102722,0.0,0.0
2477,2477.0,2477.0,2477.0,2477.0,2477.0,2477.0,2017-12-18 00:00:00+05:30,228.4225392679164,232.31350604247908,219.572502328376,228.5941925048828,80012,0.0,0.0
2478,2478.0,2478.0,2478.0,2478.0,2478.0,2478.0,2017-12-19 00:00:00+05:30,228.5941696262464,230.5778004040711,226.41980819805343,228.84213256835935,46335,0.0,0.0
2479,2479.0,2479.0,2479.0,2479.0,2479.0,2479.0,2017-12-20 00:00:00+05:30,230.02470445638457,232.4660920570276,225.84764877008524,230.44432067871097,25367,0.0,0.0
2480,2480.0,2480.0,2480.0,2480.0,2480.0,2480.0,2017-12-21 00:00:00+05:30,231.5314781957696,236.5096255097574,229.64321993757935,235.3270721435547,24587,0.0,0.0
2481,2481.0,2481.0,2481.0,2481.0,2481.0,2481.0,2017-12-22 00:00:00+05:30,236.50961238982995,246.0462903087747,236.50961238982995,242.7656707763672,51942,0.0,0.0
2482,2482.0,2482.0,2482.0,2482.0,2482.0,2482.0,2017-12-26 00:00:00+05:30,242.23165294134265,257.6429301012281,241.85019159208335,254.47674560546875,138262,0.0,0.0
2483,2483.0,2483.0,2483.0,2483.0,2483.0,2483.0,2017-12-27 00:00:00+05:30,256.89903597467156,256.89903597467156,247.9726902552262,250.2042694091797,40432,0.0,0.0
2484,2484.0,2484.0,2484.0,2484.0,2484.0,2484.0,2017-12-28 00:00:00+05:30,256.84183110738996,256.84183110738996,249.86097549420663,250.6429901123047,14410,0.0,0.0
2485,2485.0,2485.0,2485.0,2485.0,2485.0,2485.0,2017-12-29 00:00:00+05:30,257.8718155135449,257.8718155135449,250.24247168708715,255.39227294921875,62822,0.0,0.0
2486,2486.0,2486.0,2486.0,2486.0,2486.0,2486.0,2018-01-01 00:00:00+05:30,257.1088326067115,258.31043418772043,248.3732324771852,251.31051635742188,17132,0.0,0.0
2487,2487.0,2487.0,2487.0,2487.0,2487.0,2487.0,2018-01-02 00:00:00+05:30,248.0680665878099,251.00537974664928,243.18529204720787,244.2152404785156,15917,0.0,0.0
2488,2488.0,2488.0,2488.0,2488.0,2488.0,2488.0,2018-01-03 00:00:00+05:30,244.4441726586476,251.7492725503548,244.13899193385768,249.68934631347656,12805,0.0,0.0
2489,2489.0,2489.0,2489.0,2489.0,2489.0,2489.0,2018-01-04 00:00:00+05:30,250.50949661540557,252.2070244462673,246.8092602168978,250.833740234375,20200,0.0,0.0
2490,2490.0,2490.0,2490.0,2490.0,2490.0,2490.0,2018-01-05 00:00:00+05:30,250.8336733684088,260.1605425107464,247.9536073298075,258.3104248046875,47570,0.0,0.0
2491,2491.0,2491.0,2491.0,2491.0,2491.0,2491.0,2018-01-08 00:00:00+05:30,258.31048977775373,291.44093451169596,255.58301338082327,284.7652587890625,137687,0.0,0.0
2492,2492.0,2492.0,2492.0,2492.0,2492.0,2492.0,2018-01-09 00:00:00+05:30,289.51445577081876,289.51445577081876,270.84165319092926,274.73260498046875,32917,0.0,0.0
2493,2493.0,2493.0,2493.0,2493.0,2493.0,2493.0,2018-01-10 00:00:00+05:30,282.28565800442675,282.28565800442675,267.1223463850502,271.2612609863281,25960,0.0,0.0
2494,2494.0,2494.0,2494.0,2494.0,2494.0,2494.0,2018-01-11 00:00:00+05:30,271.26131993443613,279.1958444361249,265.1387587564852,269.373046875,48237,0.0,0.0
2495,2495.0,2495.0,2495.0,2495.0,2495.0,2495.0,2018-01-12 00:00:00+05:30,267.6182878341416,277.30755742202984,260.33228003798735,265.57745361328125,21965,0.0,0.0
2496,2496.0,2496.0,2496.0,2496.0,2496.0,2496.0,2018-01-15 00:00:00+05:30,273.5500581871397,277.7080647759256,254.61023034626888,258.32952880859375,39325,0.0,0.0
2497,2497.0,2497.0,2497.0,2497.0,2497.0,2497.0,2018-01-16 00:00:00+05:30,262.4303458881041,273.5119630804356,258.32958524467693,270.0024719238281,44100,0.0,0.0
2498,2498.0,2498.0,2498.0,2498.0,2498.0,2498.0,2018-01-17 00:00:00+05:30,271.2040190718639,277.8987556977131,268.171362839066,269.1250305175781,25750,0.0,0.0
2499,2499.0,2499.0,2499.0,2499.0,2499.0,2499.0,2018-01-18 00:00:00+05:30,265.8825648191006,280.7216331139314,265.8825648191006,270.32666015625,154605,0.0,0.0
2500,2500.0,2500.0,2500.0,2500.0,2500.0,2500.0,2018-01-19 00:00:00+05:30,272.74901900186364,276.4683179857076,268.2667682369526,273.47381591796875,24862,0.0,0.0
2501,2501.0,2501.0,2501.0,2501.0,2501.0,2501.0,2018-01-22 00:00:00+05:30,273.47381291709866,279.23394600686674,268.5528831218438,270.95611572265625,11170,0.0,0.0
2502,2502.0,2502.0,2502.0,2502.0,2502.0,2502.0,2018-01-23 00:00:00+05:30,268.571947587233,299.0702573073409,268.571947587233,287.03497314453125,111787,0.0,0.0
2503,2503.0,2503.0,2503.0,2503.0,2503.0,2503.0,2018-01-24 00:00:00+05:30,287.0349814826672,301.3209083200268,278.4900959516393,296.68609619140625,64967,0.0,0.0
2504,2504.0,2504.0,2504.0,2504.0,2504.0,2504.0,2018-01-25 00:00:00+05:30,296.68606752559,300.97757275757937,289.953174978804,292.8141784667969,30750,0.0,0.0
2505,2505.0,2505.0,2505.0,2505.0,2505.0,2505.0,2018-01-29 00:00:00+05:30,292.81417847767835,297.1629014512986,286.1003488099218,287.4736328125,11082,0.0,0.0
2506,2506.0,2506.0,2506.0,2506.0,2506.0,2506.0,2018-01-30 00:00:00+05:30,287.6261652648396,287.6261652648396,276.9450760843502,281.4082336425781,23875,0.0,0.0
2507,2507.0,2507.0,2507.0,2507.0,2507.0,2507.0,2018-01-31 00:00:00+05:30,279.2339185508075,284.82242695971854,267.0460453028726,268.7626647949219,12002,0.0,0.0
2508,2508.0,2508.0,2508.0,2508.0,2508.0,2508.0,2018-02-01 00:00:00+05:30,267.0270134215963,273.130482193363,259.3976701809793,263.6319580078125,13227,0.0,0.0
2509,2509.0,2509.0,2509.0,2509.0,2509.0,2509.0,2018-02-02 00:00:00+05:30,263.975206198523,268.4765188807486,242.23159440517875,255.6020050048828,33900,0.0,0.0
2510,2510.0,2510.0,2510.0,2510.0,2510.0,2510.0,2018-02-05 00:00:00+05:30,244.11991334602013,266.64555981236686,234.83119699438177,246.88555908203125,97767,0.0,0.0
2511,2511.0,2511.0,2511.0,2511.0,2511.0,2511.0,2018-02-06 00:00:00+05:30,244.1389952317508,244.1389952317508,232.4088765348617,237.806640625,32192,0.0,0.0
2512,2512.0,2512.0,2512.0,2512.0,2512.0,2512.0,2018-02-07 00:00:00+05:30,241.27796196626295,248.86914977476147,231.932014284084,232.59957885742188,39592,0.0,0.0
2513,2513.0,2513.0,2513.0,2513.0,2513.0,2513.0,2018-02-08 00:00:00+05:30,237.6540125206888,240.3242852673559,235.575023704438,238.8937835693359,39367,0.0,0.0
2514,2514.0,2514.0,2514.0,2514.0,2514.0,2514.0,2018-02-09 00:00:00+05:30,228.8802897560651,240.3243042438684,226.0192861341143,236.91017150878903,6867,0.0,0.0
2515,2515.0,2515.0,2515.0,2515.0,2515.0,2515.0,2018-02-12 00:00:00+05:30,236.9101643500144,241.8501713549208,233.78213498201396,239.75209045410156,16655,0.0,0.0
2516,2516.0,2516.0,2516.0,2516.0,2516.0,2516.0,2018-02-14 00:00:00+05:30,246.0462903087747,246.0462903087747,240.70574485343937,242.7656707763672,10832,0.0,0.0
2517,2517.0,2517.0,2517.0,2517.0,2517.0,2517.0,2018-02-15 00:00:00+05:30,243.79565721037991,244.13897823058937,233.07642495878895,236.128173828125,9715,0.0,0.0
2518,2518.0,2518.0,2518.0,2518.0,2518.0,2518.0,2018-02-16 00:00:00+05:30,236.89109024782445,242.99457327375637,236.89109024782445,238.6839904785156,4405,0.0,0.0
2519,2519.0,2519.0,2519.0,2519.0,2519.0,2519.0,2018-02-19 00:00:00+05:30,236.12813982671824,239.71392531448865,234.2208043339396,238.5313720703125,9565,0.0,0.0
2520,2520.0,2520.0,2520.0,2520.0,2520.0,2520.0,2018-02-20 00:00:00+05:30,234.22082613960265,238.41695879364423,234.22082613960265,236.60499572753903,3547,0.0,0.0
2521,2521.0,2521.0,2521.0,2521.0,2521.0,2521.0,2018-02-21 00:00:00+05:30,236.891088644942,239.56136154123072,235.74669013276585,236.7957305908203,3390,0.0,0.0
2522,2522.0,2522.0,2522.0,2522.0,2522.0,2522.0,2018-02-22 00:00:00+05:30,238.03547160362524,238.03547160362524,234.22080067761723,237.21531677246097,7232,0.0,0.0
2523,2523.0,2523.0,2523.0,2523.0,2523.0,2523.0,2018-02-23 00:00:00+05:30,238.41696328292508,240.3242989891885,234.98375319092432,240.3052215576172,7057,0.0,0.0
2524,2524.0,2524.0,2524.0,2524.0,2524.0,2524.0,2018-02-26 00:00:00+05:30,243.7384257205953,243.75750315170256,221.25093654454787,230.2154083251953,61937,0.0,0.0
2525,2525.0,2525.0,2525.0,2525.0,2525.0,2525.0,2018-02-27 00:00:00+05:30,232.69492550212416,243.7574769614756,232.69492550212416,241.92642211914065,52725,0.0,0.0
2526,2526.0,2526.0,2526.0,2526.0,2526.0,2526.0,2018-02-28 00:00:00+05:30,243.7575225268003,243.7575225268003,238.1880908979219,239.12269592285156,7835,0.0,0.0
2527,2527.0,2527.0,2527.0,2527.0,2527.0,2527.0,2018-03-01 00:00:00+05:30,243.75748475505603,243.75748475505603,238.8174782018843,239.71392822265625,2372,0.0,0.0
2528,2528.0,2528.0,2528.0,2528.0,2528.0,2528.0,2018-03-05 00:00:00+05:30,229.52876330298275,239.90467381269607,229.52876330298275,234.16358947753903,5977,0.0,0.0
2529,2529.0,2529.0,2529.0,2529.0,2529.0,2529.0,2018-03-06 00:00:00+05:30,234.1636044984678,234.60229812540425,227.1636857622841,228.8993682861328,3055,0.0,0.0
2530,2530.0,2530.0,2530.0,2530.0,2530.0,2530.0,2018-03-07 00:00:00+05:30,228.4988162248242,240.32429140998593,228.4988162248242,230.99742126464844,25282,0.0,0.0
2531,2531.0,2531.0,2531.0,2531.0,2531.0,2531.0,2018-03-08 00:00:00+05:30,231.2072296142578,233.07641040056703,227.73587931643883,231.2072296142578,12070,0.0,0.0
2532,2532.0,2532.0,2532.0,2532.0,2532.0,2532.0,2018-03-09 00:00:00+05:30,231.55054600896685,232.5423541235589,225.06560202335447,229.6813507080078,7322,0.0,0.0
2533,2533.0,2533.0,2533.0,2533.0,2533.0,2533.0,2018-03-12 00:00:00+05:30,233.07641030542197,239.94283027792343,228.57509701314484,230.08189392089844,21965,0.0,0.0
2534,2534.0,2534.0,2534.0,2534.0,2534.0,2534.0,2018-03-13 00:00:00+05:30,232.2562652121502,233.0764201573207,229.29990356463165,232.6377410888672,7170,0.0,0.0
2535,2535.0,2535.0,2535.0,2535.0,2535.0,2535.0,2018-03-14 00:00:00+05:30,231.56958948467835,238.4169163370066,229.2617009289401,236.3760681152344,8122,0.0,0.0
2536,2536.0,2536.0,2536.0,2536.0,2536.0,2536.0,2018-03-15 00:00:00+05:30,232.7140340045538,238.28345078419167,228.49882383252412,231.8748016357422,12257,0.0,0.0
2537,2537.0,2537.0,2537.0,2537.0,2537.0,2537.0,2018-03-16 00:00:00+05:30,234.0682431416761,242.2316377387545,231.9320218851685,232.84754943847656,17982,0.0,0.0
2538,2538.0,2538.0,2538.0,2538.0,2538.0,2538.0,2018-03-19 00:00:00+05:30,232.84753232331624,233.45787913005324,228.13641108765125,229.8339385986328,5422,0.0,0.0
2539,2539.0,2539.0,2539.0,2539.0,2539.0,2539.0,2018-03-20 00:00:00+05:30,228.4988081552256,229.75764207025787,227.73587101336167,228.7848968505859,7437,0.0,0.0
2540,2540.0,2540.0,2540.0,2540.0,2540.0,2540.0,2018-03-21 00:00:00+05:30,234.2208134654935,236.50961032533505,232.7330794995994,232.86659240722656,15602,0.0,0.0
2541,2541.0,2541.0,2541.0,2541.0,2541.0,2541.0,2018-03-22 00:00:00+05:30,231.9510820881596,234.48784191337177,231.0546320332488,232.29440307617188,1825,0.0,0.0
2542,2542.0,2542.0,2542.0,2542.0,2542.0,2542.0,2018-03-23 00:00:00+05:30,227.03016534232924,232.6949546821442,226.9920250312462,229.7767333984375,16635,0.0,0.0
2543,2543.0,2543.0,2543.0,2543.0,2543.0,2543.0,2018-03-26 00:00:00+05:30,232.69494694926917,233.97285832942356,227.48791427457252,229.5287628173828,15257,0.0,0.0
2544,2544.0,2544.0,2544.0,2544.0,2544.0,2544.0,2018-03-27 00:00:00+05:30,235.74667538393828,235.74667538393828,231.22629936087463,234.54505920410156,11167,0.0,0.0
2545,2545.0,2545.0,2545.0,2545.0,2545.0,2545.0,2018-03-28 00:00:00+05:30,235.67037863557763,235.67037863557763,217.47439553125687,226.61053466796875,9062,0.0,0.0
2546,2546.0,2546.0,2546.0,2546.0,2546.0,2546.0,2018-04-02 00:00:00+05:30,234.2208223005663,236.47147893676117,227.83123626817317,234.5832061767578,3055,0.0,0.0
2547,2547.0,2547.0,2547.0,2547.0,2547.0,2547.0,2018-04-03 00:00:00+05:30,229.37618712410625,239.56135241168465,229.3380322624583,237.53958129882812,6747,0.0,0.0
2548,2548.0,2548.0,2548.0,2548.0,2548.0,2548.0,2018-04-04 00:00:00+05:30,241.46870566813115,241.46870566813115,232.8284769548691,233.6677093505859,3792,0.0,0.0
2549,2549.0,2549.0,2549.0,2549.0,2549.0,2549.0,2018-04-05 00:00:00+05:30,236.87202608918557,239.4278489514807,234.7930226017841,237.63494873046875,1720,0.0,0.0
2550,2550.0,2550.0,2550.0,2550.0,2550.0,2550.0,2018-04-06 00:00:00+05:30,235.38428128695008,238.98914422158884,234.25894577382505,235.36520385742188,2627,0.0,0.0
2551,2551.0,2551.0,2551.0,2551.0,2551.0,2551.0,2018-04-09 00:00:00+05:30,242.4223582809715,242.4223582809715,236.50962067447296,241.60220336914065,6010,0.0,0.0
2552,2552.0,2552.0,2552.0,2552.0,2552.0,2552.0,2018-04-10 00:00:00+05:30,243.0136555759666,244.9018993474525,240.34338260809176,241.0490875244141,2575,0.0,0.0
2553,2553.0,2553.0,2553.0,2553.0,2553.0,2553.0,2018-04-11 00:00:00+05:30,240.7057575884523,241.0872334564822,238.4169605875385,240.2480010986328,3240,0.0,0.0
2554,2554.0,2554.0,2554.0,2554.0,2554.0,2554.0,2018-04-12 00:00:00+05:30,235.26986534833597,246.4277767412834,234.81210883604228,239.56137084960935,6437,0.0,0.0
2555,2555.0,2555.0,2555.0,2555.0,2555.0,2555.0,2018-04-13 00:00:00+05:30,246.38959043809015,250.24241636775253,244.13894847656456,247.1525421142578,18825,0.0,0.0
2556,2556.0,2556.0,2556.0,2556.0,2556.0,2556.0,2018-04-16 00:00:00+05:30,247.15254644291832,251.00537244005957,246.809210906722,247.97268676757812,8810,0.0,0.0
2557,2557.0,2557.0,2557.0,2557.0,2557.0,2557.0,2018-04-17 00:00:00+05:30,250.585766108393,254.78189870256617,242.70846058907827,244.55857849121097,9300,0.0,0.0
2558,2558.0,2558.0,2558.0,2558.0,2558.0,2558.0,2018-04-18 00:00:00+05:30,244.5585904841855,244.5585904841855,240.32430282048625,242.9564208984375,5047,0.0,0.0
2559,2559.0,2559.0,2559.0,2559.0,2559.0,2559.0,2018-04-19 00:00:00+05:30,244.13896488024855,244.13896488024855,237.3106997138182,240.19078063964844,3187,0.0,0.0
2560,2560.0,2560.0,2560.0,2560.0,2560.0,2560.0,2018-04-20 00:00:00+05:30,242.6130646300041,242.6130646300041,239.56133080513771,239.8855743408203,2830,0.0,0.0
2561,2561.0,2561.0,2561.0,2561.0,2561.0,2561.0,2018-04-23 00:00:00+05:30,240.32431451788472,256.13611573889847,240.32431451788472,252.6647796630859,24625,0.0,0.0
2562,2562.0,2562.0,2562.0,2562.0,2562.0,2562.0,2018-04-24 00:00:00+05:30,255.5448502493081,257.4712780932965,252.53125609953972,253.7710418701172,6315,0.0,0.0
2563,2563.0,2563.0,2563.0,2563.0,2563.0,2563.0,2018-04-25 00:00:00+05:30,253.77101331472235,254.99170696302468,242.76567849723213,243.64305114746097,11237,0.0,0.0
2564,2564.0,2564.0,2564.0,2564.0,2564.0,2564.0,2018-04-26 00:00:00+05:30,249.479485664891,253.2941566105204,245.66481471926156,250.0707550048828,15535,0.0,0.0
2565,2565.0,2565.0,2565.0,2565.0,2565.0,2565.0,2018-04-27 00:00:00+05:30,250.07079753711284,278.4710263935111,247.80106328184445,273.47381591796875,124647,0.0,0.0
2566,2566.0,2566.0,2566.0,2566.0,2566.0,2566.0,2018-04-30 00:00:00+05:30,274.6563647262356,276.56370059239003,269.6972798327799,272.86346435546875,7405,0.0,0.0
2567,2567.0,2567.0,2567.0,2567.0,2567.0,2567.0,2018-05-02 00:00:00+05:30,248.71659759675512,265.17691624830667,248.71659759675512,258.2723693847656,64112,0.0,0.0
2568,2568.0,2568.0,2568.0,2568.0,2568.0,2568.0,2018-05-03 00:00:00+05:30,264.71906922154557,264.71906922154557,254.820022872997,255.0298309326172,3965,0.0,0.0
2569,2569.0,2569.0,2569.0,2569.0,2569.0,2569.0,2018-05-04 00:00:00+05:30,253.6947756093404,257.471322212045,253.675712724792,254.13348388671875,585,0.0,0.0
2570,2570.0,2570.0,2570.0,2570.0,2570.0,2570.0,2018-05-07 00:00:00+05:30,260.92351797696796,260.92351797696796,246.847371823798,253.8472900390625,5167,0.0,0.0
2571,2571.0,2571.0,2571.0,2571.0,2571.0,2571.0,2018-05-08 00:00:00+05:30,253.56119516737323,254.0761839199548,244.5585689545413,246.92367553710935,6210,0.0,0.0
2572,2572.0,2572.0,2572.0,2572.0,2572.0,2572.0,2018-05-09 00:00:00+05:30,246.86644225199177,246.86644225199177,236.509623514604,241.2398223876953,10475,0.0,0.0
2573,2573.0,2573.0,2573.0,2573.0,2573.0,2573.0,2018-05-10 00:00:00+05:30,241.23981674009275,244.13896049314985,237.8256842182284,238.8747100830078,1767,0.0,0.0
2574,2574.0,2574.0,2574.0,2574.0,2574.0,2574.0,2018-05-11 00:00:00+05:30,238.4360523452359,242.68940302866145,235.746701883348,236.10910034179688,6310,0.0,0.0
2575,2575.0,2575.0,2575.0,2575.0,2575.0,2575.0,2018-05-14 00:00:00+05:30,241.85015461247008,241.85015461247008,233.8584139666351,239.1989593505859,3920,0.0,0.0
2576,2576.0,2576.0,2576.0,2576.0,2576.0,2576.0,2018-05-15 00:00:00+05:30,240.09541492340557,240.32430044820072,234.62137072635923,236.0137176513672,3055,0.0,0.0
2577,2577.0,2577.0,2577.0,2577.0,2577.0,2577.0,2018-05-16 00:00:00+05:30,235.57502957271635,237.6540184407557,234.03007780513465,236.757568359375,5517,0.0,0.0
2578,2578.0,2578.0,2578.0,2578.0,2578.0,2578.0,2018-05-17 00:00:00+05:30,236.0709240250718,239.56135171305587,235.4415143278777,238.03549194335935,4505,0.0,0.0
2579,2579.0,2579.0,2579.0,2579.0,2579.0,2579.0,2018-05-18 00:00:00+05:30,242.23163652444137,266.64553956967865,237.5395923978237,258.84454345703125,528575,0.0,0.0
2580,2580.0,2580.0,2580.0,2580.0,2580.0,2580.0,2018-05-21 00:00:00+05:30,261.2859308915556,278.3565797734168,259.43581291393417,267.694580078125,283755,0.0,0.0
2581,2581.0,2581.0,2581.0,2581.0,2581.0,2581.0,2018-05-22 00:00:00+05:30,265.1578098868745,265.48205345454096,258.253235051871,260.50390625,30367,0.0,0.0
2582,2582.0,2582.0,2582.0,2582.0,2582.0,2582.0,2018-05-23 00:00:00+05:30,255.5830128682864,266.22595077717824,255.5830128682864,257.7383117675781,18440,0.0,0.0
2583,2583.0,2583.0,2583.0,2583.0,2583.0,2583.0,2018-05-24 00:00:00+05:30,257.92899408050914,264.9670673478051,245.68390259170152,248.1252899169922,18352,0.0,0.0
2584,2584.0,2584.0,2584.0,2584.0,2584.0,2584.0,2018-05-25 00:00:00+05:30,255.5448433932822,263.0597511329856,248.35420835212025,259.91265869140625,25597,0.0,0.0
2585,2585.0,2585.0,2585.0,2585.0,2585.0,2585.0,2018-05-28 00:00:00+05:30,265.57740881853715,266.2640507712693,257.96712960105845,260.78997802734375,7475,0.0,0.0
2586,2586.0,2586.0,2586.0,2586.0,2586.0,2586.0,2018-05-29 00:00:00+05:30,260.7900148727185,265.88259794846806,257.4903320992787,258.23419189453125,8202,0.0,0.0
2587,2587.0,2587.0,2587.0,2587.0,2587.0,2587.0,2018-05-30 00:00:00+05:30,255.5830011666871,261.26685378988367,252.3405360770905,254.4195251464844,5852,0.0,0.0
2588,2588.0,2588.0,2588.0,2588.0,2588.0,2588.0,2018-05-31 00:00:00+05:30,254.41948028289795,257.471228713579,245.13076574384348,248.58303833007812,6180,0.0,0.0
2589,2589.0,2589.0,2589.0,2589.0,2589.0,2589.0,2018-06-01 00:00:00+05:30,248.98358955426392,253.9998917600758,244.59674072572807,251.69203186035156,5667,0.0,0.0
2590,2590.0,2590.0,2590.0,2590.0,2590.0,2590.0,2018-06-04 00:00:00+05:30,251.93995214921273,254.4194942472826,226.9729361568327,229.54783630371097,26377,0.0,0.0
2591,2591.0,2591.0,2591.0,2591.0,2591.0,2591.0,2018-06-05 00:00:00+05:30,226.9729483621369,236.4333316905088,212.87773869942347,223.3108673095703,59452,0.0,0.0
2592,2592.0,2592.0,2592.0,2592.0,2592.0,2592.0,2018-06-06 00:00:00+05:30,217.55070779260757,238.4169652476645,217.43627230587003,236.4333343505859,16780,0.0,0.0
2593,2593.0,2593.0,2593.0,2593.0,2593.0,2593.0,2018-06-07 00:00:00+05:30,239.9428111825191,258.6347048613181,231.18813369021265,250.33778381347656,17897,0.0,0.0
2594,2594.0,2594.0,2594.0,2594.0,2594.0,2594.0,2018-06-08 00:00:00+05:30,250.62385537107832,257.4521194716176,246.23700731357872,253.7900390625,7857,0.0,0.0
2595,2595.0,2595.0,2595.0,2595.0,2595.0,2595.0,2018-06-11 00:00:00+05:30,253.8091447755649,259.3976237288035,253.2941560500282,256.11700439453125,13770,0.0,0.0
2596,2596.0,2596.0,2596.0,2596.0,2596.0,2596.0,2018-06-12 00:00:00+05:30,261.30503844895344,261.30503844895344,253.5231038844604,254.9154510498047,4590,0.0,0.0
2597,2597.0,2597.0,2597.0,2597.0,2597.0,2597.0,2018-06-13 00:00:00+05:30,255.92628321325452,255.96443807522175,254.11432016884572,255.16336059570312,2300,0.0,0.0
2598,2598.0,2598.0,2598.0,2598.0,2598.0,2598.0,2018-06-14 00:00:00+05:30,255.1634326215033,260.16064411539816,250.10900337032265,254.13348388671875,2275,0.0,0.0
2599,2599.0,2599.0,2599.0,2599.0,2599.0,2599.0,2018-06-15 00:00:00+05:30,254.53396782207605,255.58300837868592,252.5312593237547,253.751953125,6972,0.0,0.0
2600,2600.0,2600.0,2600.0,2600.0,2600.0,2600.0,2018-06-18 00:00:00+05:30,254.15248768530577,255.60205237228155,252.24515194282696,253.56121826171875,4602,0.0,0.0
2601,2601.0,2601.0,2601.0,2601.0,2601.0,2601.0,2018-06-19 00:00:00+05:30,254.1906121683976,255.75461215641195,249.09802983707883,251.73013305664065,11202,0.0,0.0
2602,2602.0,2602.0,2602.0,2602.0,2602.0,2602.0,2018-06-20 00:00:00+05:30,250.6239048630927,263.9752550573988,250.6239048630927,262.4112548828125,27297,0.0,0.0
2603,2603.0,2603.0,2603.0,2603.0,2603.0,2603.0,2018-06-21 00:00:00+05:30,266.2640894103882,266.2640894103882,257.8717944254043,259.07342529296875,7050,0.0,0.0
2604,2604.0,2604.0,2604.0,2604.0,2604.0,2604.0,2018-06-22 00:00:00+05:30,259.51209090757845,260.4085410156365,255.60204689850457,256.7464599609375,3560,0.0,0.0
2605,2605.0,2605.0,2605.0,2605.0,2605.0,2605.0,2018-06-25 00:00:00+05:30,256.498492985459,256.6892381940852,250.62389562408947,255.64019775390625,6605,0.0,0.0
2606,2606.0,2606.0,2606.0,2606.0,2606.0,2606.0,2018-06-26 00:00:00+05:30,255.67835727596412,257.50938325616175,254.82006202876943,255.12521362304688,4820,0.0,0.0
2607,2607.0,2607.0,2607.0,2607.0,2607.0,2607.0,2018-06-27 00:00:00+05:30,255.4113433878556,258.25325509713133,234.04917374485865,238.5695648193359,21172,0.0,0.0
2608,2608.0,2608.0,2608.0,2608.0,2608.0,2608.0,2018-06-28 00:00:00+05:30,240.343376164838,242.99457162957577,235.00283037226052,236.7957305908203,3625,0.0,0.0
2609,2609.0,2609.0,2609.0,2609.0,2609.0,2609.0,2018-06-29 00:00:00+05:30,237.23442593095683,249.02176197394124,232.7140493149355,245.779296875,8362,0.0,0.0
2610,2610.0,2610.0,2610.0,2610.0,2610.0,2610.0,2018-07-02 00:00:00+05:30,251.48223691471705,251.7683256433124,242.61310798101047,243.62400817871097,5245,0.0,0.0
2611,2611.0,2611.0,2611.0,2611.0,2611.0,2611.0,2018-07-03 00:00:00+05:30,241.0872359232172,244.90189277983183,236.8910886428529,240.0954132080078,6615,0.0,0.0
2612,2612.0,2612.0,2612.0,2612.0,2612.0,2612.0,2018-07-04 00:00:00+05:30,240.095431912199,241.9837048837828,228.89937976940817,239.02732849121097,7877,0.0,0.0
2613,2613.0,2613.0,2613.0,2613.0,2613.0,2613.0,2018-07-05 00:00:00+05:30,239.2943274782517,239.5422758726218,235.4033610291968,238.7984161376953,11057,0.0,0.0
2614,2614.0,2614.0,2614.0,2614.0,2614.0,2614.0,2018-07-06 00:00:00+05:30,239.56137086672064,243.2043891884896,238.6649207225443,240.68670654296875,3565,0.0,0.0
2615,2615.0,2615.0,2615.0,2615.0,2615.0,2615.0,2018-07-09 00:00:00+05:30,240.32429991647473,247.11441040039065,239.17990139866436,247.11441040039065,3090,0.0,0.0
2616,2616.0,2616.0,2616.0,2616.0,2616.0,2616.0,2018-07-10 00:00:00+05:30,247.1144159097518,249.55580334932853,244.17713165088523,248.9835968017578,3877,0.0,0.0
2617,2617.0,2617.0,2617.0,2617.0,2617.0,2617.0,2018-07-11 00:00:00+05:30,247.1144110280999,251.38685351477568,246.42776900530615,249.2887725830078,3937,0.0,0.0
2618,2618.0,2618.0,2618.0,2618.0,2618.0,2618.0,2018-07-12 00:00:00+05:30,250.58579703374957,253.67567184379624,247.97272708969825,249.613037109375,1655,0.0,0.0
2619,2619.0,2619.0,2619.0,2619.0,2619.0,2619.0,2018-07-13 00:00:00+05:30,249.61303806147876,251.73018205886217,246.80925198106192,250.4522705078125,950,0.0,0.0
2620,2620.0,2620.0,2620.0,2620.0,2620.0,2620.0,2018-07-16 00:00:00+05:30,244.1389662865105,246.80922458881616,241.5831434680705,241.8692321777344,3392,0.0,0.0
2621,2621.0,2621.0,2621.0,2621.0,2621.0,2621.0,2018-07-17 00:00:00+05:30,246.94274556949753,246.94274556949753,242.2888419903201,244.7111663818359,1752,0.0,0.0
2622,2622.0,2622.0,2622.0,2622.0,2622.0,2622.0,2018-07-18 00:00:00+05:30,246.00818811052991,249.3651180829334,242.80387761356764,247.9346160888672,19760,0.0,0.0
2623,2623.0,2623.0,2623.0,2623.0,2623.0,2623.0,2018-07-19 00:00:00+05:30,252.83641107511576,252.83641107511576,244.5395183952247,247.9154815673828,4070,0.0,0.0
2624,2624.0,2624.0,2624.0,2624.0,2624.0,2624.0,2018-07-20 00:00:00+05:30,243.3265998488608,250.94260103801565,236.4047169368743,237.79295349121097,5202,2.8,0.0
2625,2625.0,2625.0,2625.0,2625.0,2625.0,2625.0,2018-07-23 00:00:00+05:30,244.90765528996928,250.65340914126008,237.54230185592107,248.9952392578125,14447,0.0,0.0
2626,2626.0,2626.0,2626.0,2626.0,2626.0,2626.0,2018-07-24 00:00:00+05:30,249.88211912220024,271.7467964547519,249.88211912220024,262.8196716308594,24120,0.0,0.0
2627,2627.0,2627.0,2627.0,2627.0,2627.0,2627.0,2018-07-25 00:00:00+05:30,269.89585058669326,269.89585058669326,266.07821487192774,268.1798400878906,4667,0.0,0.0
2628,2628.0,2628.0,2628.0,2628.0,2628.0,2628.0,2018-07-26 00:00:00+05:30,269.9343678721637,269.9343678721637,265.73111826571403,267.77490234375,4372,0.0,0.0
2629,2629.0,2629.0,2629.0,2629.0,2629.0,2629.0,2018-07-27 00:00:00+05:30,267.7749945729377,269.2789127868618,263.3789214213873,267.29296875,1602,0.0,0.0
2630,2630.0,2630.0,2630.0,2630.0,2630.0,2630.0,2018-07-30 00:00:00+05:30,267.2929800904465,268.77759850530725,263.18611049020785,266.9266357421875,3002,0.0,0.0
2631,2631.0,2631.0,2631.0,2631.0,2631.0,2631.0,2018-07-31 00:00:00+05:30,268.00633284890444,269.9344359629253,239.8560303262512,244.38706970214844,106087,0.0,0.0
2632,2632.0,2632.0,2632.0,2632.0,2632.0,2632.0,2018-08-01 00:00:00+05:30,244.869111523452,256.05211620154057,244.869111523452,252.38870239257812,31232,0.0,0.0
2633,2633.0,2633.0,2633.0,2633.0,2633.0,2633.0,2018-08-02 00:00:00+05:30,252.388701617127,255.66650065205428,252.1959089459975,255.1459045410156,6540,0.0,0.0
2634,2634.0,2634.0,2634.0,2634.0,2634.0,2634.0,2018-08-03 00:00:00+05:30,255.14590266187983,257.2089578088423,253.93118821857615,254.3168029785156,7360,0.0,0.0
2635,2635.0,2635.0,2635.0,2635.0,2635.0,2635.0,2018-08-06 00:00:00+05:30,254.5481918187643,254.5481918187643,250.653415130529,251.17401123046875,3220,0.0,0.0
2636,2636.0,2636.0,2636.0,2636.0,2636.0,2636.0,2018-08-07 00:00:00+05:30,248.72529253152376,253.2370465909388,246.02594532943996,247.22137451171875,7115,0.0,0.0
2637,2637.0,2637.0,2637.0,2637.0,2637.0,2637.0,2018-08-08 00:00:00+05:30,247.43348259787783,258.2308426653318,246.79720502321504,254.72171020507812,13105,0.0,0.0
2638,2638.0,2638.0,2638.0,2638.0,2638.0,2638.0,2018-08-09 00:00:00+05:30,254.7217242327598,257.9802234670626,249.8821956153789,252.7550506591797,19660,0.0,0.0
2639,2639.0,2639.0,2639.0,2639.0,2639.0,2639.0,2018-08-10 00:00:00+05:30,254.89525646737857,254.89525646737857,250.2678202050008,252.0416717529297,7830,0.0,0.0
2640,2640.0,2640.0,2640.0,2640.0,2640.0,2640.0,2018-08-13 00:00:00+05:30,249.49649112252493,254.47099988836595,247.6455289057786,250.3063201904297,10047,0.0,0.0
2641,2641.0,2641.0,2641.0,2641.0,2641.0,2641.0,2018-08-14 00:00:00+05:30,247.9540460301444,258.3657899774472,247.9540460301444,248.6674346923828,10500,0.0,0.0
2642,2642.0,2642.0,2642.0,2642.0,2642.0,2642.0,2018-08-16 00:00:00+05:30,257.3438971884432,257.3438971884432,248.0118861853792,249.1494598388672,19377,0.0,0.0
2643,2643.0,2643.0,2643.0,2643.0,2643.0,2643.0,2018-08-17 00:00:00+05:30,249.4965546790891,252.58153172021636,248.43612140294047,248.7060546875,15525,0.0,0.0
2644,2644.0,2644.0,2644.0,2644.0,2644.0,2644.0,2018-08-20 00:00:00+05:30,254.4710336061179,254.4710336061179,246.50797326447855,249.361572265625,19652,0.0,0.0
2645,2645.0,2645.0,2645.0,2645.0,2645.0,2645.0,2018-08-21 00:00:00+05:30,248.7252843718175,252.4272385622384,248.7252843718175,250.55697631835935,6810,0.0,0.0
2646,2646.0,2646.0,2646.0,2646.0,2646.0,2646.0,2018-08-23 00:00:00+05:30,255.24233462624628,255.24233462624628,247.95410621013323,250.4606170654297,4530,0.0,0.0
2647,2647.0,2647.0,2647.0,2647.0,2647.0,2647.0,2018-08-24 00:00:00+05:30,259.19491393309386,259.19491393309386,249.49655663400648,251.82957458496097,5927,0.0,0.0
2648,2648.0,2648.0,2648.0,2648.0,2648.0,2648.0,2018-08-27 00:00:00+05:30,246.64295247932577,252.58151373735333,246.04524520753577,251.61746215820312,6695,0.0,0.0
2649,2649.0,2649.0,2649.0,2649.0,2649.0,2649.0,2018-08-28 00:00:00+05:30,247.934749307695,252.58148444116236,247.934749307695,251.30892944335935,10717,0.0,0.0
2650,2650.0,2650.0,2650.0,2650.0,2650.0,2650.0,2018-08-29 00:00:00+05:30,252.5043864413651,252.56222717878123,250.65339458249744,251.11614990234375,12300,0.0,0.0
2651,2651.0,2651.0,2651.0,2651.0,2651.0,2651.0,2018-08-30 00:00:00+05:30,251.63671875,254.50960288915027,250.65339678476923,251.63671875,3370,0.0,0.0
2652,2652.0,2652.0,2652.0,2652.0,2652.0,2652.0,2018-08-31 00:00:00+05:30,248.84100605575097,254.4710641356096,248.84100605575097,251.15472412109375,3575,0.0,0.0
2653,2653.0,2653.0,2653.0,2653.0,2653.0,2653.0,2018-09-03 00:00:00+05:30,251.44393660980597,251.71386987157769,248.86028547277405,250.7690887451172,1657,0.0,0.0
2654,2654.0,2654.0,2654.0,2654.0,2654.0,2654.0,2018-09-04 00:00:00+05:30,250.7883836417254,250.7883836417254,243.5772674763837,246.6429443359375,3615,0.0,0.0
2655,2655.0,2655.0,2655.0,2655.0,2655.0,2655.0,2018-09-05 00:00:00+05:30,246.79718341404683,246.79718341404683,239.08477143235783,240.6465301513672,11400,0.0,0.0
2656,2656.0,2656.0,2656.0,2656.0,2656.0,2656.0,2018-09-06 00:00:00+05:30,239.47039626407133,244.8690907634317,239.08478153279947,243.84719848632812,6800,0.0,0.0
2657,2657.0,2657.0,2657.0,2657.0,2657.0,2657.0,2018-09-07 00:00:00+05:30,243.84720961699708,243.84720961699708,237.21453002250004,239.5668182373047,10272,0.0,0.0
2658,2658.0,2658.0,2658.0,2658.0,2658.0,2658.0,2018-09-10 00:00:00+05:30,239.08478528991273,250.65340393297305,239.08478528991273,241.28282165527344,11725,0.0,0.0
2659,2659.0,2659.0,2659.0,2659.0,2659.0,2659.0,2018-09-11 00:00:00+05:30,244.88837918917343,252.58150644995993,244.86909403927413,250.7305145263672,40790,0.0,0.0
2660,2660.0,2660.0,2660.0,2660.0,2660.0,2660.0,2018-09-12 00:00:00+05:30,254.5096270287241,254.5096270287241,248.72531732352584,252.54295349121097,17412,0.0,0.0
2661,2661.0,2661.0,2661.0,2661.0,2661.0,2661.0,2018-09-14 00:00:00+05:30,252.7357288418761,256.2448607820454,250.65337420265377,251.71383666992188,13662,0.0,0.0
2662,2662.0,2662.0,2662.0,2662.0,2662.0,2662.0,2018-09-17 00:00:00+05:30,250.44129672141284,252.19587750692995,247.1827979541716,249.4386749267578,6175,0.0,0.0
2663,2663.0,2663.0,2663.0,2663.0,2663.0,2663.0,2018-09-18 00:00:00+05:30,246.85502500456317,248.4360835881291,241.30209365422303,242.7674560546875,4610,0.0,0.0
2664,2664.0,2664.0,2664.0,2664.0,2664.0,2664.0,2018-09-19 00:00:00+05:30,249.4194148576506,249.4194148576506,237.5808631587733,239.1233367919922,8625,0.0,0.0
2665,2665.0,2665.0,2665.0,2665.0,2665.0,2665.0,2018-09-21 00:00:00+05:30,246.35373078170431,246.35373078170431,212.09134458765,238.87269592285156,12602,0.0,0.0
2666,2666.0,2666.0,2666.0,2666.0,2666.0,2666.0,2018-09-24 00:00:00+05:30,238.87268484228284,240.9550396593753,225.08674514152105,234.84295654296875,13230,0.0,0.0
2667,2667.0,2667.0,2667.0,2667.0,2667.0,2667.0,2018-09-25 00:00:00+05:30,231.77726755737555,237.11812128238137,225.58805848718887,233.2426300048828,15447,0.0,0.0
2668,2668.0,2668.0,2668.0,2668.0,2668.0,2668.0,2018-09-26 00:00:00+05:30,234.12955564908853,234.8429590784592,232.6449227623278,233.2426300048828,3720,0.0,0.0
2669,2669.0,2669.0,2669.0,2669.0,2669.0,2669.0,2018-09-27 00:00:00+05:30,234.32237067194467,234.3416558220874,225.97368060152692,227.4583282470703,4540,0.0,0.0
2670,2670.0,2670.0,2670.0,2670.0,2670.0,2670.0,2018-09-28 00:00:00+05:30,227.51617822414855,228.4223890842762,220.18938015994485,221.3655242919922,7375,0.0,0.0
2671,2671.0,2671.0,2671.0,2671.0,2671.0,2671.0,2018-10-01 00:00:00+05:30,231.37239077871152,231.37239077871152,216.41030538948192,223.54429626464844,9985,0.0,0.0
2672,2672.0,2672.0,2672.0,2672.0,2672.0,2672.0,2018-10-03 00:00:00+05:30,223.6599622206278,226.35930953430795,217.8949380029515,218.49264526367188,6435,0.0,0.0
2673,2673.0,2673.0,2673.0,2673.0,2673.0,2673.0,2018-10-04 00:00:00+05:30,218.4926524679042,218.4926524679042,212.47696523137316,216.44886779785156,14032,0.0,0.0
2674,2674.0,2674.0,2674.0,2674.0,2674.0,2674.0,2018-10-05 00:00:00+05:30,221.6933094744631,221.6933094744631,212.2263158268314,215.9475555419922,5780,0.0,0.0
2675,2675.0,2675.0,2675.0,2675.0,2675.0,2675.0,2018-10-08 00:00:00+05:30,210.24035522754065,216.6994974074509,210.16322934145035,211.20440673828125,19000,0.0,0.0
2676,2676.0,2676.0,2676.0,2676.0,2676.0,2676.0,2018-10-09 00:00:00+05:30,212.86260530127285,214.86783448003305,206.30705119960703,208.73646545410156,7162,0.0,0.0
2677,2677.0,2677.0,2677.0,2677.0,2677.0,2677.0,2018-10-10 00:00:00+05:30,212.4576722269978,229.0586400736138,208.96779582770048,218.3191070556641,18317,0.0,0.0
2678,2678.0,2678.0,2678.0,2678.0,2678.0,2678.0,2018-10-11 00:00:00+05:30,216.93089192650652,226.9955928345508,216.93089192650652,225.395263671875,5422,0.0,0.0
2679,2679.0,2679.0,2679.0,2679.0,2679.0,2679.0,2018-10-12 00:00:00+05:30,229.44427627191465,232.876297546542,228.6730320650831,229.13577270507812,3277,0.0,0.0
2680,2680.0,2680.0,2680.0,2680.0,2680.0,2680.0,2018-10-15 00:00:00+05:30,232.14360893263083,232.5292236564851,222.11746429957347,223.9298858642578,6535,0.0,0.0
2681,2681.0,2681.0,2681.0,2681.0,2681.0,2681.0,2018-10-16 00:00:00+05:30,229.03935736240916,233.2040521972056,226.74491008285065,231.3723602294922,8335,0.0,0.0
2682,2682.0,2682.0,2682.0,2682.0,2682.0,2682.0,2018-10-17 00:00:00+05:30,240.7622271444988,240.7622271444988,231.3723602294922,231.3723602294922,5760,0.0,0.0
2683,2683.0,2683.0,2683.0,2683.0,2683.0,2683.0,2018-10-19 00:00:00+05:30,231.37236016140724,233.2233372774675,227.57399489511613,231.04458618164065,8132,0.0,0.0
2684,2684.0,2684.0,2684.0,2684.0,2684.0,2684.0,2018-10-22 00:00:00+05:30,231.12173024529653,233.2619259219426,212.9782725146817,220.3243408203125,3595,0.0,0.0
2685,2685.0,2685.0,2685.0,2685.0,2685.0,2685.0,2018-10-23 00:00:00+05:30,220.59429938980497,222.88873224908968,214.42436017773477,217.66357421875,2367,0.0,0.0
2686,2686.0,2686.0,2686.0,2686.0,2686.0,2686.0,2018-10-24 00:00:00+05:30,218.26127692746863,222.77304607661907,214.40507051737015,219.5723876953125,6142,0.0,0.0
2687,2687.0,2687.0,2687.0,2687.0,2687.0,2687.0,2018-10-25 00:00:00+05:30,222.46453786453085,222.50310816557325,219.1096424765671,221.15342712402344,407,0.0,0.0
2688,2688.0,2688.0,2688.0,2688.0,2688.0,2688.0,2018-10-26 00:00:00+05:30,221.73185480052027,223.8913355516621,221.73185480052027,223.6599578857422,4030,0.0,0.0
2689,2689.0,2689.0,2689.0,2689.0,2689.0,2689.0,2018-10-29 00:00:00+05:30,223.65994958451353,227.49687046282372,219.8037435571943,226.3400115966797,2005,0.0,0.0
2690,2690.0,2690.0,2690.0,2690.0,2690.0,2690.0,2018-10-30 00:00:00+05:30,226.34002170234635,231.3723719695038,221.84753794947628,228.4030914306641,4242,0.0,0.0
2691,2691.0,2691.0,2691.0,2691.0,2691.0,2691.0,2018-10-31 00:00:00+05:30,231.23741169385875,235.61419937801395,228.9236937947012,235.1514587402344,9822,0.0,0.0
2692,2692.0,2692.0,2692.0,2692.0,2692.0,2692.0,2018-11-01 00:00:00+05:30,235.1514164999923,258.3657760539513,233.3004395711053,253.41053771972656,437430,0.0,0.0
2693,2693.0,2693.0,2693.0,2693.0,2693.0,2693.0,2018-11-02 00:00:00+05:30,257.9802128059844,273.3664680303959,255.3579912897484,263.0704040527344,97985,0.0,0.0
2694,2694.0,2694.0,2694.0,2694.0,2694.0,2694.0,2018-11-05 00:00:00+05:30,264.15011461891186,266.0782176453273,256.5148136892792,264.4586181640625,28717,0.0,0.0
2695,2695.0,2695.0,2695.0,2695.0,2695.0,2695.0,2018-11-06 00:00:00+05:30,264.4586272094005,270.7056623995241,262.45338351785296,269.6066589355469,22992,0.0,0.0
2696,2696.0,2696.0,2696.0,2696.0,2696.0,2696.0,2018-11-07 00:00:00+05:30,269.6066528973459,278.4952091308879,265.30699133541873,275.08245849609375,19382,0.0,0.0
2697,2697.0,2697.0,2697.0,2697.0,2697.0,2697.0,2018-11-09 00:00:00+05:30,275.7187680023605,308.4772531976649,273.03870563006745,305.9128723144531,148100,0.0,0.0
2698,2698.0,2698.0,2698.0,2698.0,2698.0,2698.0,2018-11-12 00:00:00+05:30,310.3860240746075,312.35269744440996,299.3572721568795,303.2906188964844,81227,0.0,0.0
2699,2699.0,2699.0,2699.0,2699.0,2699.0,2699.0,2018-11-13 00:00:00+05:30,300.7840740389047,310.4245892324593,300.7840740389047,304.87164306640625,26522,0.0,0.0
2700,2700.0,2700.0,2700.0,2700.0,2700.0,2700.0,2018-11-14 00:00:00+05:30,310.42456753660474,310.42456753660474,304.6595292623965,308.70855712890625,18932,0.0,0.0
2701,2701.0,2701.0,2701.0,2701.0,2701.0,2701.0,2018-11-15 00:00:00+05:30,310.42460172132326,311.92851979838133,299.5501013223163,301.5746154785156,25775,0.0,0.0
2702,2702.0,2702.0,2702.0,2702.0,2702.0,2702.0,2018-11-16 00:00:00+05:30,301.61317850814646,305.41154427980956,288.17432586760975,291.220703125,25435,0.0,0.0
2703,2703.0,2703.0,2703.0,2703.0,2703.0,2703.0,2018-11-19 00:00:00+05:30,291.2207002894407,302.3265937758206,290.3723595774716,298.3547058105469,10447,0.0,0.0
2704,2704.0,2704.0,2704.0,2704.0,2704.0,2704.0,2018-11-20 00:00:00+05:30,298.37394988162276,298.37394988162276,290.3916043540175,292.0497741699219,7742,0.0,0.0
2705,2705.0,2705.0,2705.0,2705.0,2705.0,2705.0,2018-11-21 00:00:00+05:30,292.1076522864168,295.019077701316,285.7642053237084,287.8851013183594,8550,0.0,0.0
2706,2706.0,2706.0,2706.0,2706.0,2706.0,2706.0,2018-11-22 00:00:00+05:30,293.8043263243681,293.8043263243681,283.43112341344715,287.8464660644531,16817,0.0,0.0
2707,2707.0,2707.0,2707.0,2707.0,2707.0,2707.0,2018-11-26 00:00:00+05:30,294.59486424359943,294.59486424359943,277.66612111837355,278.3023986816406,6260,0.0,0.0
2708,2708.0,2708.0,2708.0,2708.0,2708.0,2708.0,2018-11-27 00:00:00+05:30,278.3217347927569,281.8501380896378,277.66615728367333,279.8256530761719,4375,0.0,0.0
2709,2709.0,2709.0,2709.0,2709.0,2709.0,2709.0,2018-11-28 00:00:00+05:30,279.8448865398593,283.04554479004724,277.6661205928429,281.71514892578125,2637,0.0,0.0
2710,2710.0,2710.0,2710.0,2710.0,2710.0,2710.0,2018-11-29 00:00:00+05:30,284.9736648114411,293.07169253690944,279.6328105978582,289.5625305175781,30385,0.0,0.0
2711,2711.0,2711.0,2711.0,2711.0,2711.0,2711.0,2018-11-30 00:00:00+05:30,290.00601282644226,296.90862589510397,289.23475388494575,295.076904296875,11205,0.0,0.0
2712,2712.0,2712.0,2712.0,2712.0,2712.0,2712.0,2018-12-03 00:00:00+05:30,299.62720371973995,301.16969205165793,291.52917675281793,292.3582763671875,5545,0.0,0.0
2713,2713.0,2713.0,2713.0,2713.0,2713.0,2713.0,2018-12-04 00:00:00+05:30,292.3582949607936,294.63344259416766,286.9017594241595,288.0007629394531,6607,0.0,0.0
2714,2714.0,2714.0,2714.0,2714.0,2714.0,2714.0,2018-12-05 00:00:00+05:30,288.40567290174926,291.1243054060053,286.3425884080102,287.7886657714844,3947,0.0,0.0
2715,2715.0,2715.0,2715.0,2715.0,2715.0,2715.0,2018-12-06 00:00:00+05:30,287.306667369596,291.50994793875236,279.57498358729396,282.3707275390625,4045,0.0,0.0
2716,2716.0,2716.0,2716.0,2716.0,2716.0,2716.0,2018-12-07 00:00:00+05:30,284.2024323441361,288.6370760943086,277.66616292705714,282.65997314453125,7430,0.0,0.0
2717,2717.0,2717.0,2717.0,2717.0,2717.0,2717.0,2018-12-10 00:00:00+05:30,279.24713179355075,279.24713179355075,271.8624945459888,271.9396057128906,11135,0.0,0.0
2718,2718.0,2718.0,2718.0,2718.0,2718.0,2718.0,2018-12-11 00:00:00+05:30,269.9344457918782,275.35241103227486,265.19129901364937,273.17364501953125,8877,0.0,0.0
2719,2719.0,2719.0,2719.0,2719.0,2719.0,2719.0,2018-12-12 00:00:00+05:30,277.3769026267032,279.3435759518864,273.2700337648399,276.8370361328125,9132,0.0,0.0
2720,2720.0,2720.0,2720.0,2720.0,2720.0,2720.0,2018-12-13 00:00:00+05:30,277.1262025023607,285.7255537894228,277.1262025023607,281.96575927734375,11332,0.0,0.0
2721,2721.0,2721.0,2721.0,2721.0,2721.0,2721.0,2018-12-14 00:00:00+05:30,281.96581111222486,283.77820333340907,277.64684952817754,282.1971740722656,5322,0.0,0.0
2722,2722.0,2722.0,2722.0,2722.0,2722.0,2722.0,2018-12-17 00:00:00+05:30,282.19716398515146,289.19618748139413,282.17789354600984,286.9788513183594,3667,0.0,0.0
2723,2723.0,2723.0,2723.0,2723.0,2723.0,2723.0,2018-12-18 00:00:00+05:30,283.5661470147417,287.67298675626824,279.03509280213126,287.4801940917969,3187,0.0,0.0
2724,2724.0,2724.0,2724.0,2724.0,2724.0,2724.0,2018-12-19 00:00:00+05:30,287.1138355221249,291.5291786121258,286.1690544254265,290.9122009277344,7787,0.0,0.0
2725,2725.0,2725.0,2725.0,2725.0,2725.0,2725.0,2018-12-20 00:00:00+05:30,290.93148332266776,290.93148332266776,284.2795333347904,287.7886657714844,23527,0.0,0.0
2726,2726.0,2726.0,2726.0,2726.0,2726.0,2726.0,2018-12-21 00:00:00+05:30,288.65635370206064,290.3337941335871,283.874636406284,285.5328063964844,24622,0.0,0.0
2727,2727.0,2727.0,2727.0,2727.0,2727.0,2727.0,2018-12-24 00:00:00+05:30,285.5327717126304,286.45828235324154,276.2007600736829,277.18408203125,4897,0.0,0.0
2728,2728.0,2728.0,2728.0,2728.0,2728.0,2728.0,2018-12-26 00:00:00+05:30,285.3399702945562,285.55206279894867,273.79062286539744,283.2768859863281,13105,0.0,0.0
2729,2729.0,2729.0,2729.0,2729.0,2729.0,2729.0,2018-12-27 00:00:00+05:30,284.33733813420014,287.0945111701895,275.54519358292595,284.4722900390625,10432,0.0,0.0
2730,2730.0,2730.0,2730.0,2730.0,2730.0,2730.0,2018-12-28 00:00:00+05:30,286.76679765847933,291.14360041908185,281.59949489871957,290.1602783203125,9247,0.0,0.0
2731,2731.0,2731.0,2731.0,2731.0,2731.0,2731.0,2018-12-31 00:00:00+05:30,290.16025043125546,313.77951375797744,290.16025043125546,309.749755859375,52197,0.0,0.0
2732,2732.0,2732.0,2732.0,2732.0,2732.0,2732.0,2019-01-01 00:00:00+05:30,311.5236918945343,311.5236918945343,297.31354930898596,298.0848083496094,25545,0.0,0.0
2733,2733.0,2733.0,2733.0,2733.0,2733.0,2733.0,2019-01-02 00:00:00+05:30,304.6016953660529,304.6016953660529,296.92785387381196,302.2687072753906,11515,0.0,0.0
2734,2734.0,2734.0,2734.0,2734.0,2734.0,2734.0,2019-01-03 00:00:00+05:30,305.8164252590086,308.4964873157434,302.3265634535321,303.2520446777344,15707,0.0,0.0
2735,2735.0,2735.0,2735.0,2735.0,2735.0,2735.0,2019-01-04 00:00:00+05:30,305.5272223114831,308.49648806407197,301.1696905884467,303.4255676269531,10017,0.0,0.0
2736,2736.0,2736.0,2736.0,2736.0,2736.0,2736.0,2019-01-07 00:00:00+05:30,308.1108473241857,308.1108473241857,300.01282108032666,301.8445129394531,9297,0.0,0.0
2737,2737.0,2737.0,2737.0,2737.0,2737.0,2737.0,2019-01-08 00:00:00+05:30,299.28019257766215,301.9409845106489,297.3135190002145,300.0514221191406,4030,0.0,0.0
2738,2738.0,2738.0,2738.0,2738.0,2738.0,2738.0,2019-01-09 00:00:00+05:30,300.88050173568206,300.88050173568206,297.390639749653,298.8559875488281,6062,0.0,0.0
2739,2739.0,2739.0,2739.0,2739.0,2739.0,2739.0,2019-01-10 00:00:00+05:30,305.41147197463437,306.54907498705495,297.89188281735335,300.7261962890625,8415,0.0,0.0
2740,2740.0,2740.0,2740.0,2740.0,2740.0,2740.0,2019-01-11 00:00:00+05:30,301.69033812713036,303.86910436041074,300.3985123934003,301.0347900390625,2217,0.0,0.0
2741,2741.0,2741.0,2741.0,2741.0,2741.0,2741.0,2019-01-14 00:00:00+05:30,302.73144628268193,302.73144628268193,289.79389142115497,300.456298828125,12002,0.0,0.0
2742,2742.0,2742.0,2742.0,2742.0,2742.0,2742.0,2019-01-15 00:00:00+05:30,305.62358088783753,305.6814216213478,297.4098731037169,298.7788391113281,4030,0.0,0.0
2743,2743.0,2743.0,2743.0,2743.0,2743.0,2743.0,2019-01-16 00:00:00+05:30,300.938361698072,302.6736428716296,298.7017548455373,302.153076171875,6925,0.0,0.0
2744,2744.0,2744.0,2744.0,2744.0,2744.0,2744.0,2019-01-17 00:00:00+05:30,308.09155508371975,308.11085494220276,301.2082429034305,306.1634521484375,20452,0.0,0.0
2745,2745.0,2745.0,2745.0,2745.0,2745.0,2745.0,2019-01-18 00:00:00+05:30,308.82426907276624,308.88210981195175,304.6788591883736,306.43341064453125,6145,0.0,0.0
2746,2746.0,2746.0,2746.0,2746.0,2746.0,2746.0,2019-01-21 00:00:00+05:30,303.8690767457891,335.45138722418045,303.8690767457891,322.5909423828125,172612,0.0,0.0
2747,2747.0,2747.0,2747.0,2747.0,2747.0,2747.0,2019-01-22 00:00:00+05:30,322.59091321366583,339.346133250176,316.0353746804489,322.28240966796875,51875,0.0,0.0
2748,2748.0,2748.0,2748.0,2748.0,2748.0,2748.0,2019-01-23 00:00:00+05:30,323.9212944680265,329.3199885932635,316.86443063476344,319.6794738769531,39352,0.0,0.0
2749,2749.0,2749.0,2749.0,2749.0,2749.0,2749.0,2019-01-24 00:00:00+05:30,321.80036988020737,321.80036988020737,308.88208602767565,312.8539733886719,11600,0.0,0.0
2750,2750.0,2750.0,2750.0,2750.0,2750.0,2750.0,2019-01-25 00:00:00+05:30,315.53413317607306,315.99688861797625,309.267796658695,310.61749267578125,7190,0.0,0.0
2751,2751.0,2751.0,2751.0,2751.0,2751.0,2751.0,2019-01-28 00:00:00+05:30,308.4965083580049,309.32557860236756,286.5354143460902,290.1024169921875,43377,0.0,0.0
2752,2752.0,2752.0,2752.0,2752.0,2752.0,2752.0,2019-01-29 00:00:00+05:30,285.35928350723697,289.8517676496715,279.03510714531285,281.77301025390625,34072,0.0,0.0
2753,2753.0,2753.0,2753.0,2753.0,2753.0,2753.0,2019-01-30 00:00:00+05:30,285.35921663963995,300.39842448177785,280.7703225250596,289.52392578125,181060,0.0,0.0
2754,2754.0,2754.0,2754.0,2754.0,2754.0,2754.0,2019-01-31 00:00:00+05:30,290.7579397028649,292.45465034519253,285.3592453924185,289.83245849609375,26382,0.0,0.0
2755,2755.0,2755.0,2755.0,2755.0,2755.0,2755.0,2019-02-01 00:00:00+05:30,290.8350895914535,300.7648390639713,285.35928337677024,293.1873779296875,24607,0.0,0.0
2756,2756.0,2756.0,2756.0,2756.0,2756.0,2756.0,2019-02-04 00:00:00+05:30,291.914788301921,306.16346858162774,291.1628292936205,292.49322509765625,24237,0.0,0.0
2757,2757.0,2757.0,2757.0,2757.0,2757.0,2757.0,2019-02-05 00:00:00+05:30,293.14879362494895,296.8700480493759,289.25404639630926,291.8955383300781,6012,0.0,0.0
2758,2758.0,2758.0,2758.0,2758.0,2758.0,2758.0,2019-02-06 00:00:00+05:30,289.27331539899654,293.45729573524903,286.8824568837725,291.5484924316406,5587,0.0,0.0
2759,2759.0,2759.0,2759.0,2759.0,2759.0,2759.0,2019-02-07 00:00:00+05:30,295.9445583196023,299.62721291720976,290.796526522458,297.5063171386719,5887,0.0,0.0
2760,2760.0,2760.0,2760.0,2760.0,2760.0,2760.0,2019-02-08 00:00:00+05:30,300.8033785687225,300.8033785687225,289.6011033515123,289.90960693359375,10055,0.0,0.0
2761,2761.0,2761.0,2761.0,2761.0,2761.0,2761.0,2019-02-11 00:00:00+05:30,297.33281552244006,297.33281552244006,275.1403282563312,281.9079895019531,6815,0.0,0.0
2762,2762.0,2762.0,2762.0,2762.0,2762.0,2762.0,2019-02-12 00:00:00+05:30,279.59426378974365,288.8298955627031,273.80995358256206,276.2779235839844,9615,0.0,0.0
2763,2763.0,2763.0,2763.0,2763.0,2763.0,2763.0,2019-02-14 00:00:00+05:30,274.56187776792655,280.36548709919214,272.8265966949649,278.3409729003906,9495,0.0,0.0
2764,2764.0,2764.0,2764.0,2764.0,2764.0,2764.0,2019-02-15 00:00:00+05:30,274.7739492345426,280.3461657540024,274.75467879583783,278.1095886230469,6420,0.0,0.0
2765,2765.0,2765.0,2765.0,2765.0,2765.0,2765.0,2019-02-18 00:00:00+05:30,279.09289094556857,281.1174048468933,272.53735294372325,273.0193786621094,7570,0.0,0.0
2766,2766.0,2766.0,2766.0,2766.0,2766.0,2766.0,2019-02-19 00:00:00+05:30,282.27430520589496,282.27430520589496,269.54884135527664,270.6671447753906,9965,0.0,0.0
2767,2767.0,2767.0,2767.0,2767.0,2767.0,2767.0,2019-02-20 00:00:00+05:30,271.8817985559629,274.5618605995863,260.2939098992422,269.5295104980469,39327,0.0,0.0
2768,2768.0,2768.0,2768.0,2768.0,2768.0,2768.0,2019-02-21 00:00:00+05:30,270.7635013702294,273.7713668879056,266.34815826258443,271.7082824707031,5895,0.0,0.0
2769,2769.0,2769.0,2769.0,2769.0,2769.0,2769.0,2019-02-22 00:00:00+05:30,273.9063369804404,274.87038858429696,272.57594105983515,274.34979248046875,1810,0.0,0.0
2770,2770.0,2770.0,2770.0,2770.0,2770.0,2770.0,2019-02-25 00:00:00+05:30,275.8922498129098,279.7484557933953,274.17623932841445,277.1069641113281,7672,0.0,0.0
2771,2771.0,2771.0,2771.0,2771.0,2771.0,2771.0,2019-02-26 00:00:00+05:30,269.2017635258842,277.2998206273335,269.2017635258842,273.5592956542969,1892,0.0,0.0
2772,2772.0,2772.0,2772.0,2772.0,2772.0,2772.0,2019-02-27 00:00:00+05:30,278.32168542463427,282.2935729773601,272.9422614707833,280.11480712890625,9602,0.0,0.0
2773,2773.0,2773.0,2773.0,2773.0,2773.0,2773.0,2019-02-28 00:00:00+05:30,280.6546411288554,281.753673855584,271.90106729113865,274.0798034667969,5610,0.0,0.0
2774,2774.0,2774.0,2774.0,2774.0,2774.0,2774.0,2019-03-01 00:00:00+05:30,278.2252717033711,281.4644706555101,277.33833136903746,279.1121826171875,1692,0.0,0.0
2775,2775.0,2775.0,2775.0,2775.0,2775.0,2775.0,2019-03-05 00:00:00+05:30,285.12789239598385,300.80335040354873,282.7177635501171,298.74029541015625,26942,0.0,0.0
2776,2776.0,2776.0,2776.0,2776.0,2776.0,2776.0,2019-03-06 00:00:00+05:30,303.4834249535311,305.43082797001387,296.9278859920443,302.789306640625,16395,0.0,0.0
2777,2777.0,2777.0,2777.0,2777.0,2777.0,2777.0,2019-03-07 00:00:00+05:30,302.8085642794244,307.3395884114451,300.49484669918877,305.25726318359375,14520,0.0,0.0
2778,2778.0,2778.0,2778.0,2778.0,2778.0,2778.0,2019-03-08 00:00:00+05:30,307.28178432517046,312.3527049371733,304.6402924695888,311.1958312988281,18797,0.0,0.0
2779,2779.0,2779.0,2779.0,2779.0,2779.0,2779.0,2019-03-11 00:00:00+05:30,312.71906079898014,325.83016836274095,312.19846470042467,323.8634948730469,32130,0.0,0.0
2780,2780.0,2780.0,2780.0,2780.0,2780.0,2780.0,2019-03-12 00:00:00+05:30,326.4471130504965,327.77750882300194,320.45071156520794,321.7232666015625,13240,0.0,0.0
2781,2781.0,2781.0,2781.0,2781.0,2781.0,2781.0,2019-03-13 00:00:00+05:30,321.7425830315339,321.7425830315339,308.51579343150786,311.2922668457031,9607,0.0,0.0
2782,2782.0,2782.0,2782.0,2782.0,2782.0,2782.0,2019-03-14 00:00:00+05:30,316.9801325162122,317.36577666611134,300.8226488171557,304.4281921386719,9375,0.0,0.0
2783,2783.0,2783.0,2783.0,2783.0,2783.0,2783.0,2019-03-15 00:00:00+05:30,305.00666891939034,305.9899910212712,299.22235895898626,300.610595703125,7522,0.0,0.0
2784,2784.0,2784.0,2784.0,2784.0,2784.0,2784.0,2019-03-18 00:00:00+05:30,299.6658351768676,318.1177993465196,298.48969089355154,311.7743225097656,11800,0.0,0.0
2785,2785.0,2785.0,2785.0,2785.0,2785.0,2785.0,2019-03-19 00:00:00+05:30,316.98011351563207,330.09121947230284,314.3000515893837,324.0948181152344,36375,0.0,0.0
2786,2786.0,2786.0,2786.0,2786.0,2786.0,2786.0,2019-03-20 00:00:00+05:30,326.23500334328753,330.4768238202971,317.59711062749335,319.4288024902344,10982,0.0,0.0
2787,2787.0,2787.0,2787.0,2787.0,2787.0,2787.0,2019-03-22 00:00:00+05:30,312.85394548915417,319.9879492887105,312.35264935934504,313.2010192871094,16267,0.0,0.0
2788,2788.0,2788.0,2788.0,2788.0,2788.0,2788.0,2019-03-25 00:00:00+05:30,310.81026259093176,311.5815216042259,306.56844098964507,307.2818298339844,5920,0.0,0.0
2789,2789.0,2789.0,2789.0,2789.0,2789.0,2789.0,2019-03-26 00:00:00+05:30,307.2817675858659,311.60072892382277,306.95399360431145,308.2458190917969,4662,0.0,0.0
2790,2790.0,2790.0,2790.0,2790.0,2790.0,2790.0,2019-03-27 00:00:00+05:30,309.6533669687508,329.3200125357402,302.885706316743,326.77490234375,24405,0.0,0.0
2791,2791.0,2791.0,2791.0,2791.0,2791.0,2791.0,2019-03-28 00:00:00+05:30,326.813498474258,330.0912680910756,320.47005177338553,322.3210144042969,11747,0.0,0.0
2792,2792.0,2792.0,2792.0,2792.0,2792.0,2792.0,2019-04-01 00:00:00+05:30,316.61378993683786,325.7529788474387,316.61378993683786,322.5330505371094,5060,0.0,0.0
2793,2793.0,2793.0,2793.0,2793.0,2793.0,2793.0,2019-04-02 00:00:00+05:30,322.5523726863271,322.5716725475379,317.2115479835205,318.52264404296875,12535,0.0,0.0
2794,2794.0,2794.0,2794.0,2794.0,2794.0,2794.0,2019-04-03 00:00:00+05:30,321.6076100940851,321.6076100940851,316.6716707559392,317.75140380859375,3722,0.0,0.0
2795,2795.0,2795.0,2795.0,2795.0,2795.0,2795.0,2019-04-04 00:00:00+05:30,318.696130933452,321.6075852835248,315.43766158682394,317.65496826171875,6805,0.0,0.0
2796,2796.0,2796.0,2796.0,2796.0,2796.0,2796.0,2019-04-05 00:00:00+05:30,318.88895059822534,321.221968148415,313.66377857882605,319.58306884765625,12607,0.0,0.0
2797,2797.0,2797.0,2797.0,2797.0,2797.0,2797.0,2019-04-08 00:00:00+05:30,318.56118554706745,324.6925390717212,316.9994267972223,321.8003845214844,5687,0.0,0.0
2798,2798.0,2798.0,2798.0,2798.0,2798.0,2798.0,2019-04-09 00:00:00+05:30,323.9020285978166,323.92129903613517,319.8530005916583,322.3402404785156,4700,0.0,0.0
2799,2799.0,2799.0,2799.0,2799.0,2799.0,2799.0,2019-04-10 00:00:00+05:30,322.61023822488943,325.0589080809083,318.17559502643576,318.9660949707031,3267,0.0,0.0
2800,2800.0,2800.0,2800.0,2800.0,2800.0,2800.0,2019-04-11 00:00:00+05:30,319.0239924839928,330.4769016427561,318.5226667850403,328.0667724609375,21247,0.0,0.0
2801,2801.0,2801.0,2801.0,2801.0,2801.0,2801.0,2019-04-12 00:00:00+05:30,331.190297132815,344.16642351848327,324.69256929908926,335.97198486328125,23922,0.0,0.0
2802,2802.0,2802.0,2802.0,2802.0,2802.0,2802.0,2019-04-15 00:00:00+05:30,339.3462063490646,344.35928707470345,332.7906664037126,335.9141845703125,39147,0.0,0.0
2803,2803.0,2803.0,2803.0,2803.0,2803.0,2803.0,2019-04-16 00:00:00+05:30,336.8974747394032,338.96055935164156,333.561864333811,336.22265625,9090,0.0,0.0
2804,2804.0,2804.0,2804.0,2804.0,2804.0,2804.0,2019-04-18 00:00:00+05:30,336.2226041897789,338.99907716450224,331.63370972208253,333.716064453125,6925,0.0,0.0
2805,2805.0,2805.0,2805.0,2805.0,2805.0,2805.0,2019-04-22 00:00:00+05:30,333.5618358109677,353.2092110784458,330.39974790842433,342.4311218261719,38182,0.0,0.0
2806,2806.0,2806.0,2806.0,2806.0,2806.0,2806.0,2019-04-23 00:00:00+05:30,342.431086058521,346.07519935472226,339.3461096570687,342.7010192871094,17147,0.0,0.0
2807,2807.0,2807.0,2807.0,2807.0,2807.0,2807.0,2019-04-24 00:00:00+05:30,350.509870834237,350.509870834237,337.4566332393801,342.0069580078125,7012,0.0,0.0
2808,2808.0,2808.0,2808.0,2808.0,2808.0,2808.0,2019-04-25 00:00:00+05:30,341.42846871094673,345.70885954832795,334.3523345227934,336.56964111328125,5935,0.0,0.0
2809,2809.0,2809.0,2809.0,2809.0,2809.0,2809.0,2019-04-26 00:00:00+05:30,343.587980155564,343.587980155564,318.1370241108036,322.37884521484375,14635,0.0,0.0
2810,2810.0,2810.0,2810.0,2810.0,2810.0,2810.0,2019-04-30 00:00:00+05:30,318.3298695306954,331.57592990915253,318.1370474307105,325.8880310058594,10680,0.0,0.0
2811,2811.0,2811.0,2811.0,2811.0,2811.0,2811.0,2019-05-02 00:00:00+05:30,321.9932075703373,327.39190196460214,321.9932075703373,324.9046325683594,1515,0.0,0.0
2812,2812.0,2812.0,2812.0,2812.0,2812.0,2812.0,2019-05-03 00:00:00+05:30,326.1579564114086,330.8432332384925,322.5909535915426,325.15533447265625,9442,0.0,0.0
2813,2813.0,2813.0,2813.0,2813.0,2813.0,2813.0,2019-05-06 00:00:00+05:30,336.3383373534394,336.3383373534394,319.00467845610746,323.6706848144531,5007,0.0,0.0
2814,2814.0,2814.0,2814.0,2814.0,2814.0,2814.0,2019-05-07 00:00:00+05:30,321.2412073565198,326.92910470889814,318.3490531684786,320.0650634765625,3112,0.0,0.0
2815,2815.0,2815.0,2815.0,2815.0,2815.0,2815.0,2019-05-08 00:00:00+05:30,318.1370056121724,318.1562760514291,312.3526964192238,313.2203369140625,8007,0.0,0.0
2816,2816.0,2816.0,2816.0,2816.0,2816.0,2816.0,2019-05-09 00:00:00+05:30,313.0275118705652,316.1895993920376,308.1108436811896,314.0108337402344,6002,0.0,0.0
2817,2817.0,2817.0,2817.0,2817.0,2817.0,2817.0,2019-05-10 00:00:00+05:30,315.4569608891671,315.4569608891671,310.0196958267345,312.10205078125,4687,0.0,0.0
2818,2818.0,2818.0,2818.0,2818.0,2818.0,2818.0,2019-05-13 00:00:00+05:30,312.6226181474042,315.0327468889564,311.23438163862875,312.27557373046875,4687,0.0,0.0
2819,2819.0,2819.0,2819.0,2819.0,2819.0,2819.0,2019-05-14 00:00:00+05:30,315.0327810361456,315.0327810361456,309.6533860469424,313.4517517089844,2160,0.0,0.0
2820,2820.0,2820.0,2820.0,2820.0,2820.0,2820.0,2019-05-15 00:00:00+05:30,316.67166219924485,317.0187066337125,306.6455025914659,309.19061279296875,5710,0.0,0.0
2821,2821.0,2821.0,2821.0,2821.0,2821.0,2821.0,2019-05-16 00:00:00+05:30,319.67949046418846,319.67949046418846,304.6402808423005,306.664794921875,10785,0.0,0.0
2822,2822.0,2822.0,2822.0,2822.0,2822.0,2822.0,2019-05-17 00:00:00+05:30,313.31672980498695,318.13698718660214,310.42457537601786,315.9582214355469,24265,0.0,0.0
2823,2823.0,2823.0,2823.0,2823.0,2823.0,2823.0,2019-05-20 00:00:00+05:30,323.72853609933503,327.9510870831517,317.79000375573116,321.1641845703125,10222,0.0,0.0
2824,2824.0,2824.0,2824.0,2824.0,2824.0,2824.0,2019-05-21 00:00:00+05:30,330.07200708113294,339.34617920320994,298.97169158390824,301.7095947265625,97592,0.0,0.0
2825,2825.0,2825.0,2825.0,2825.0,2825.0,2825.0,2019-05-22 00:00:00+05:30,306.56836379227644,308.88208140849235,296.92784920761363,308.5735778808594,21032,0.0,0.0
2826,2826.0,2826.0,2826.0,2826.0,2826.0,2826.0,2019-05-23 00:00:00+05:30,308.88209805671755,317.0186951583631,300.89975272720244,304.8330993652344,25780,0.0,0.0
2827,2827.0,2827.0,2827.0,2827.0,2827.0,2827.0,2019-05-24 00:00:00+05:30,309.6340828351586,310.42461220044476,304.25468790416716,306.4141540527344,8970,0.0,0.0
2828,2828.0,2828.0,2828.0,2828.0,2828.0,2828.0,2019-05-27 00:00:00+05:30,304.81381447206456,310.82951619844823,304.5438812127121,307.60955810546875,15557,0.0,0.0
2829,2829.0,2829.0,2829.0,2829.0,2829.0,2829.0,2019-05-28 00:00:00+05:30,315.8040057181162,315.8040057181162,304.87166425914063,306.72265625,7885,0.0,0.0
2830,2830.0,2830.0,2830.0,2830.0,2830.0,2830.0,2019-05-29 00:00:00+05:30,305.5657564818602,312.5647798157351,304.910208520039,308.72784423828125,7905,0.0,0.0
2831,2831.0,2831.0,2831.0,2831.0,2831.0,2831.0,2019-05-30 00:00:00+05:30,337.41802395023234,337.41802395023234,306.9732906199788,317.65496826171875,65015,0.0,0.0
2832,2832.0,2832.0,2832.0,2832.0,2832.0,2832.0,2019-05-31 00:00:00+05:30,318.94682844697985,320.0458613950122,316.0354032005848,319.0046691894531,9225,0.0,0.0
2833,2833.0,2833.0,2833.0,2833.0,2833.0,2833.0,2019-06-03 00:00:00+05:30,316.47886962321655,337.03245754638357,316.0354141087752,332.327880859375,16410,0.0,0.0
2834,2834.0,2834.0,2834.0,2834.0,2834.0,2834.0,2019-06-04 00:00:00+05:30,332.019331076631,332.019331076631,320.89416851679886,323.68994140625,9827,0.0,0.0
2835,2835.0,2835.0,2835.0,2835.0,2835.0,2835.0,2019-06-06 00:00:00+05:30,326.87131721418245,326.87131721418245,314.6664210224548,315.5726318359375,33100,0.0,0.0
2836,2836.0,2836.0,2836.0,2836.0,2836.0,2836.0,2019-06-07 00:00:00+05:30,331.61443523433906,331.61443523433906,315.4569231829465,316.09320068359375,7242,0.0,0.0
2837,2837.0,2837.0,2837.0,2837.0,2837.0,2837.0,2019-06-10 00:00:00+05:30,311.967105610897,323.1886510069727,311.967105610897,318.6961669921875,8230,0.0,0.0
2838,2838.0,2838.0,2838.0,2838.0,2838.0,2838.0,2019-06-11 00:00:00+05:30,315.07132240900654,318.50334344022275,314.2615226688842,316.7294921875,5010,0.0,0.0
2839,2839.0,2839.0,2839.0,2839.0,2839.0,2839.0,2019-06-12 00:00:00+05:30,316.74879452464313,318.13703119623193,312.35272153811866,316.4210205078125,6957,0.0,0.0
2840,2840.0,2840.0,2840.0,2840.0,2840.0,2840.0,2019-06-13 00:00:00+05:30,316.4210056413106,316.4210056413106,308.88211534684666,312.0249328613281,7282,0.0,0.0
2841,2841.0,2841.0,2841.0,2841.0,2841.0,2841.0,2019-06-14 00:00:00+05:30,309.26771454547634,318.54191484205774,309.24844410654384,313.4902648925781,4337,0.0,0.0
2842,2842.0,2842.0,2842.0,2842.0,2842.0,2842.0,2019-06-17 00:00:00+05:30,313.4902813793835,317.84781328973276,310.42460445838975,312.1984558105469,2712,0.0,0.0
2843,2843.0,2843.0,2843.0,2843.0,2843.0,2843.0,2019-06-18 00:00:00+05:30,308.1108938992844,315.82330661555926,308.1108938992844,314.7242736816406,6552,0.0,0.0
2844,2844.0,2844.0,2844.0,2844.0,2844.0,2844.0,2019-06-19 00:00:00+05:30,314.28081346463,316.980146106548,312.7576249210876,313.85662841796875,7155,0.0,0.0
2845,2845.0,2845.0,2845.0,2845.0,2845.0,2845.0,2019-06-20 00:00:00+05:30,309.653383790691,327.7775419914205,309.653383790691,323.8634948730469,7462,0.0,0.0
2846,2846.0,2846.0,2846.0,2846.0,2846.0,2846.0,2019-06-21 00:00:00+05:30,323.9213361042302,323.9213361042302,311.9671022035352,316.20892333984375,5507,0.0,0.0
2847,2847.0,2847.0,2847.0,2847.0,2847.0,2847.0,2019-06-24 00:00:00+05:30,314.66640853580856,316.18962640463,309.3062844673461,309.90399169921875,3815,0.0,0.0
2848,2848.0,2848.0,2848.0,2848.0,2848.0,2848.0,2019-06-25 00:00:00+05:30,311.9671107795906,316.1896615914543,309.6533927707739,310.59814453125,9027,0.0,0.0
2849,2849.0,2849.0,2849.0,2849.0,2849.0,2849.0,2019-06-26 00:00:00+05:30,310.59814706182897,312.35272808918086,308.9592769433032,310.9452209472656,3180,0.0,0.0
2850,2850.0,2850.0,2850.0,2850.0,2850.0,2850.0,2019-06-27 00:00:00+05:30,310.55960684063496,316.98016481941335,308.88213699507463,314.70501708984375,8335,0.0,0.0
2851,2851.0,2851.0,2851.0,2851.0,2851.0,2851.0,2019-06-28 00:00:00+05:30,312.73833558548233,318.13703047152745,312.3912911286358,316.24749755859375,3775,0.0,0.0
2852,2852.0,2852.0,2852.0,2852.0,2852.0,2852.0,2019-07-01 00:00:00+05:30,320.0650913197017,322.7644236951553,311.6007205031881,320.6820983886719,21425,0.0,0.0
2853,2853.0,2853.0,2853.0,2853.0,2853.0,2853.0,2019-07-02 00:00:00+05:30,317.7513959173505,321.9739464023811,316.28601873612365,319.29388427734375,9977,0.0,0.0
2854,2854.0,2854.0,2854.0,2854.0,2854.0,2854.0,2019-07-03 00:00:00+05:30,316.2089086280368,324.3069357697731,316.2089086280368,323.709228515625,2580,0.0,0.0
2855,2855.0,2855.0,2855.0,2855.0,2855.0,2855.0,2019-07-04 00:00:00+05:30,325.8494447339251,327.00631843609983,320.2772275954735,322.45599365234375,5422,0.0,0.0
2856,2856.0,2856.0,2856.0,2856.0,2856.0,2856.0,2019-07-05 00:00:00+05:30,323.9213152455743,325.07818885394425,314.2807999108846,317.462158203125,5180,0.0,0.0
2857,2857.0,2857.0,2857.0,2857.0,2857.0,2857.0,2019-07-08 00:00:00+05:30,314.28081345088816,317.77067544511493,310.8102218967745,316.1318054199219,4397,0.0,0.0
2858,2858.0,2858.0,2858.0,2858.0,2858.0,2858.0,2019-07-09 00:00:00+05:30,310.8102285206693,320.0458592815132,310.8102285206693,316.20892333984375,80585,0.0,0.0
2859,2859.0,2859.0,2859.0,2859.0,2859.0,2859.0,2019-07-10 00:00:00+05:30,316.20889821597615,320.257926363778,308.8821007878439,316.5945129394531,3797,0.0,0.0
2860,2860.0,2860.0,2860.0,2860.0,2860.0,2860.0,2019-07-11 00:00:00+05:30,319.6795107637607,319.6795107637607,313.14324220872356,314.2037048339844,2247,0.0,0.0
2861,2861.0,2861.0,2861.0,2861.0,2861.0,2861.0,2019-07-12 00:00:00+05:30,309.267676549385,316.20885837958133,309.267676549385,316.1702880859375,4227,0.0,0.0
2862,2862.0,2862.0,2862.0,2862.0,2862.0,2862.0,2019-07-15 00:00:00+05:30,312.7383508900035,318.23345708981645,312.7383508900035,314.30010986328125,3415,0.0,0.0
2863,2863.0,2863.0,2863.0,2863.0,2863.0,2863.0,2019-07-16 00:00:00+05:30,310.6174154295464,315.39910279130555,310.4245933549076,313.2203369140625,9065,0.0,0.0
2864,2864.0,2864.0,2864.0,2864.0,2864.0,2864.0,2019-07-17 00:00:00+05:30,310.03899440782516,316.20891864359635,310.03899440782516,313.06610107421875,2522,0.0,0.0
2865,2865.0,2865.0,2865.0,2865.0,2865.0,2865.0,2019-07-18 00:00:00+05:30,311.19584155186595,313.528859345205,302.0566513057994,305.1030578613281,10095,0.0,0.0
2866,2866.0,2866.0,2866.0,2866.0,2866.0,2866.0,2019-07-19 00:00:00+05:30,302.75073815747595,308.8820915120306,302.75073815747595,306.06707763671875,7460,0.0,0.0
2867,2867.0,2867.0,2867.0,2867.0,2867.0,2867.0,2019-07-22 00:00:00+05:30,303.136360758961,313.10464989454334,300.01284326463065,305.1801452636719,11072,0.0,0.0
2868,2868.0,2868.0,2868.0,2868.0,2868.0,2868.0,2019-07-23 00:00:00+05:30,301.20826573355134,311.1765551340464,296.9278745391507,298.913818359375,19775,0.0,0.0
2869,2869.0,2869.0,2869.0,2869.0,2869.0,2869.0,2019-07-24 00:00:00+05:30,298.89458436880284,303.4449093726737,283.4504579741305,296.8507995605469,21900,0.0,0.0
2870,2870.0,2870.0,2870.0,2870.0,2870.0,2870.0,2019-07-25 00:00:00+05:30,293.4958561446875,299.5886689997238,289.85174246363755,292.2618713378906,3267,0.0,0.0
2871,2871.0,2871.0,2871.0,2871.0,2871.0,2871.0,2019-07-26 00:00:00+05:30,290.39114013365264,299.86168823342246,290.39114013365264,297.8350524902344,2652,3.2,0.0
2872,2872.0,2872.0,2872.0,2872.0,2872.0,2872.0,2019-07-29 00:00:00+05:30,292.7295564776691,303.9734040201158,286.864063535143,294.87310791015625,17665,0.0,0.0
2873,2873.0,2873.0,2873.0,2873.0,2873.0,2873.0,2019-07-30 00:00:00+05:30,294.6392369676922,300.4852536921876,282.94720351870143,284.1358947753906,4007,0.0,0.0
2874,2874.0,2874.0,2874.0,2874.0,2874.0,2874.0,2019-07-31 00:00:00+05:30,282.55748012292605,284.4671706284755,269.9105863427027,277.97808837890625,12565,0.0,0.0
2875,2875.0,2875.0,2875.0,2875.0,2875.0,2875.0,2019-08-01 00:00:00+05:30,274.7823070272508,276.7309795875772,261.64827300065616,269.8716735839844,16345,0.0,0.0
2876,2876.0,2876.0,2876.0,2876.0,2876.0,2876.0,2019-08-02 00:00:00+05:30,265.40920045097766,269.3065456256892,254.51612782391115,268.3517150878906,28947,0.0,0.0
2877,2877.0,2877.0,2877.0,2877.0,2877.0,2877.0,2019-08-05 00:00:00+05:30,259.19292590484145,280.2191194301168,259.19292590484145,271.48907470703125,43040,0.0,0.0
2878,2878.0,2878.0,2878.0,2878.0,2878.0,2878.0,2019-08-06 00:00:00+05:30,269.3260031385142,325.7790105264252,269.3260031385142,315.37310791015625,789872,0.0,0.0
2879,2879.0,2879.0,2879.0,2879.0,2879.0,2879.0,2019-08-07 00:00:00+05:30,315.29514152829495,320.75142917868044,294.6976638250431,303.096435546875,82970,0.0,0.0
2880,2880.0,2880.0,2880.0,2880.0,2880.0,2880.0,2019-08-08 00:00:00+05:30,302.1416929960657,309.0789627041889,298.75099196298316,304.18780517578125,26275,0.0,0.0
2881,2881.0,2881.0,2881.0,2881.0,2881.0,2881.0,2019-08-09 00:00:00+05:30,307.4225405431149,311.923998667698,304.07082170806575,308.8450927734375,23492,0.0,0.0
2882,2882.0,2882.0,2882.0,2882.0,2882.0,2882.0,2019-08-13 00:00:00+05:30,315.76289983325046,321.4140683000075,300.095584973602,300.8360900878906,19877,0.0,0.0
2883,2883.0,2883.0,2883.0,2883.0,2883.0,2883.0,2019-08-14 00:00:00+05:30,309.44918296003266,309.44918296003266,296.23718647134484,297.4063720703125,7367,0.0,0.0
2884,2884.0,2884.0,2884.0,2884.0,2884.0,2884.0,2019-08-16 00:00:00+05:30,288.40353881104454,296.1982290491809,284.9738858106426,292.47625732421875,39230,0.0,0.0
2885,2885.0,2885.0,2885.0,2885.0,2885.0,2885.0,2019-08-19 00:00:00+05:30,289.9429432828232,297.3674098468674,289.5727205165105,293.9961853027344,12355,0.0,0.0
2886,2886.0,2886.0,2886.0,2886.0,2886.0,2886.0,2019-08-20 00:00:00+05:30,295.3992707599845,296.1982336580775,283.08367545397573,284.6036376953125,15767,0.0,0.0
2887,2887.0,2887.0,2887.0,2887.0,2887.0,2887.0,2019-08-21 00:00:00+05:30,288.38404095281703,288.38404095281703,271.2551938002878,275.7566223144531,62852,0.0,0.0
2888,2888.0,2888.0,2888.0,2888.0,2888.0,2888.0,2019-08-22 00:00:00+05:30,278.6796212919396,280.7452389540585,265.5455887195713,276.65301513671875,28785,0.0,0.0
2889,2889.0,2889.0,2889.0,2889.0,2889.0,2889.0,2019-08-23 00:00:00+05:30,276.32173341558916,285.6753662443396,272.8141173880104,284.66204833984375,17147,0.0,0.0
2890,2890.0,2890.0,2890.0,2890.0,2890.0,2890.0,2019-08-26 00:00:00+05:30,288.4229655442159,292.24237619133976,279.24473600851513,288.34503173828125,18807,0.0,0.0
2891,2891.0,2891.0,2891.0,2891.0,2891.0,2891.0,2019-08-27 00:00:00+05:30,292.30085214706924,292.30085214706924,286.4548351041279,291.6188049316406,13772,0.0,0.0
2892,2892.0,2892.0,2892.0,2892.0,2892.0,2892.0,2019-08-28 00:00:00+05:30,292.14495429934294,293.8013376858068,288.40350696628434,293.2362060546875,4612,0.0,0.0
2893,2893.0,2893.0,2893.0,2893.0,2893.0,2893.0,2019-08-29 00:00:00+05:30,294.2495076502639,295.418722885672,289.96243467773184,293.5090026855469,3637,0.0,0.0
2894,2894.0,2894.0,2894.0,2894.0,2894.0,2894.0,2019-08-30 00:00:00+05:30,295.41874973524983,299.6668413235282,294.2495343935758,296.8607482910156,3702,0.0,0.0
2895,2895.0,2895.0,2895.0,2895.0,2895.0,2895.0,2019-09-03 00:00:00+05:30,299.3160739466319,299.3160739466319,287.662992309518,293.9182434082031,5265,0.0,0.0
2896,2896.0,2896.0,2896.0,2896.0,2896.0,2896.0,2019-09-04 00:00:00+05:30,292.300841308197,304.38260346872664,292.300841308197,301.6739501953125,3915,0.0,0.0
2897,2897.0,2897.0,2897.0,2897.0,2897.0,2897.0,2019-09-05 00:00:00+05:30,302.0441901865704,306.0779559022086,297.250443504354,298.80938720703125,3755,0.0,0.0
2898,2898.0,2898.0,2898.0,2898.0,2898.0,2898.0,2019-09-06 00:00:00+05:30,300.4073297239834,302.04420732419896,298.06892890447847,298.9653015136719,1392,0.0,0.0
2899,2899.0,2899.0,2899.0,2899.0,2899.0,2899.0,2019-09-09 00:00:00+05:30,302.024717964454,311.78755507847245,298.1468495437893,307.30560302734375,8437,0.0,0.0
2900,2900.0,2900.0,2900.0,2900.0,2900.0,2900.0,2019-09-11 00:00:00+05:30,308.70866335657877,310.6183538921203,306.01948605748373,307.36407470703125,10810,0.0,0.0
2901,2901.0,2901.0,2901.0,2901.0,2901.0,2901.0,2019-09-12 00:00:00+05:30,310.24811812168434,310.24811812168434,302.92109152340765,307.94866943359375,7517,0.0,0.0
2902,2902.0,2902.0,2902.0,2902.0,2902.0,2902.0,2019-09-13 00:00:00+05:30,310.20911615864753,311.39780732826443,305.7076883680188,307.6953125,8190,0.0,0.0
2903,2903.0,2903.0,2903.0,2903.0,2903.0,2903.0,2019-09-16 00:00:00+05:30,307.11076914731643,311.00811378251393,305.29848843007204,308.43585205078125,6925,0.0,0.0
2904,2904.0,2904.0,2904.0,2904.0,2904.0,2904.0,2019-09-17 00:00:00+05:30,308.2799801684411,313.3465405065671,300.8750188028655,306.4092712402344,6217,0.0,0.0
2905,2905.0,2905.0,2905.0,2905.0,2905.0,2905.0,2019-09-18 00:00:00+05:30,306.2922976897623,309.7999137749005,302.06368236898265,306.50665283203125,3492,0.0,0.0
2906,2906.0,2906.0,2906.0,2906.0,2906.0,2906.0,2019-09-19 00:00:00+05:30,306.5066706322257,306.5066706322257,300.13453325307756,300.7386169433594,1557,0.0,0.0
2907,2907.0,2907.0,2907.0,2907.0,2907.0,2907.0,2019-09-20 00:00:00+05:30,300.8360330501199,308.4748247421166,300.0955280762292,307.71484375,12660,0.0,0.0
2908,2908.0,2908.0,2908.0,2908.0,2908.0,2908.0,2019-09-23 00:00:00+05:30,311.78756347170895,338.6792467680197,311.78756347170895,331.29376220703125,66380,0.0,0.0
2909,2909.0,2909.0,2909.0,2909.0,2909.0,2909.0,2019-09-24 00:00:00+05:30,336.0680517544829,336.0875277739068,320.3617273940293,322.0765686035156,42177,0.0,0.0
2910,2910.0,2910.0,2910.0,2910.0,2910.0,2910.0,2019-09-25 00:00:00+05:30,322.07654555364803,327.37693642692955,320.42016225535554,323.12884521484375,18232,0.0,0.0
2911,2911.0,2911.0,2911.0,2911.0,2911.0,2911.0,2019-09-26 00:00:00+05:30,324.2785593880599,342.966319309647,321.5309243527941,340.4525451660156,44287,0.0,0.0
2912,2912.0,2912.0,2912.0,2912.0,2912.0,2912.0,2019-09-27 00:00:00+05:30,341.0176604790247,349.59180690588806,335.63933550956096,338.25054931640625,24847,0.0,0.0
2913,2913.0,2913.0,2913.0,2913.0,2913.0,2913.0,2019-09-30 00:00:00+05:30,339.8289861162102,342.96634993854605,335.81472564147606,342.9273681640625,9030,0.0,0.0
2914,2914.0,2914.0,2914.0,2914.0,2914.0,2914.0,2019-10-01 00:00:00+05:30,346.80523155165577,346.8636893452668,338.1531212846436,340.6864013671875,6915,0.0,0.0
2915,2915.0,2915.0,2915.0,2915.0,2915.0,2915.0,2019-10-03 00:00:00+05:30,332.4630031202939,342.9273645118567,330.8845832159108,333.3594055175781,10545,0.0,0.0
2916,2916.0,2916.0,2916.0,2916.0,2916.0,2916.0,2019-10-04 00:00:00+05:30,336.1849441258888,341.7970999736615,335.17162623258287,339.7120361328125,11042,0.0,0.0
2917,2917.0,2917.0,2917.0,2917.0,2917.0,2917.0,2019-10-07 00:00:00+05:30,342.9273013792201,342.9273013792201,331.27425076613093,335.4054260253906,6987,0.0,0.0
2918,2918.0,2918.0,2918.0,2918.0,2918.0,2918.0,2019-10-09 00:00:00+05:30,336.2434138733384,338.65974851374284,335.717264022704,336.6526184082031,4920,0.0,0.0
2919,2919.0,2919.0,2919.0,2919.0,2919.0,2919.0,2019-10-10 00:00:00+05:30,339.01055372405705,342.927374704476,328.1174816971182,332.6773681640625,13897,0.0,0.0
2920,2920.0,2920.0,2920.0,2920.0,2920.0,2920.0,2019-10-11 00:00:00+05:30,338.27003896978465,338.27003896978465,322.50528619476347,325.6036682128906,12532,0.0,0.0
2921,2921.0,2921.0,2921.0,2921.0,2921.0,2921.0,2019-10-14 00:00:00+05:30,324.64883470425457,329.18921524357216,322.4858071444132,325.5062255859375,13415,0.0,0.0
2922,2922.0,2922.0,2922.0,2922.0,2922.0,2922.0,2019-10-15 00:00:00+05:30,327.35743745345167,327.376913470116,321.5308971581496,326.6559143066406,2640,0.0,0.0
2923,2923.0,2923.0,2923.0,2923.0,2923.0,2923.0,2019-10-16 00:00:00+05:30,331.2548015731245,331.2742775909595,324.1226541075624,325.2918395996094,5647,0.0,0.0
2924,2924.0,2924.0,2924.0,2924.0,2924.0,2924.0,2019-10-17 00:00:00+05:30,326.5780093539705,328.1564292838438,325.03857119879507,326.98724365234375,10350,0.0,0.0
2925,2925.0,2925.0,2925.0,2925.0,2925.0,2925.0,2019-10-18 00:00:00+05:30,325.8569920090505,342.96633282461914,325.4282817142693,338.25054931640625,17797,0.0,0.0
2926,2926.0,2926.0,2926.0,2926.0,2926.0,2926.0,2019-10-22 00:00:00+05:30,340.9981970990381,365.4540121551984,338.679272164329,347.896484375,48420,0.0,0.0
2927,2927.0,2927.0,2927.0,2927.0,2927.0,2927.0,2019-10-23 00:00:00+05:30,349.0072165839272,357.172128444859,346.1036841878234,355.6326904296875,28162,0.0,0.0
2928,2928.0,2928.0,2928.0,2928.0,2928.0,2928.0,2019-10-24 00:00:00+05:30,361.2643940907997,362.4141037311556,353.13843332256266,359.68597412109375,25737,0.0,0.0
2929,2929.0,2929.0,2929.0,2929.0,2929.0,2929.0,2019-10-25 00:00:00+05:30,359.3546560078686,359.3546560078686,353.878891754311,357.6982727050781,15680,0.0,0.0
2930,2930.0,2930.0,2930.0,2930.0,2930.0,2930.0,2019-10-27 00:00:00+05:30,361.1474288855691,361.1474288855691,331.5276168600435,356.4121398925781,12620,0.0,0.0
2931,2931.0,2931.0,2931.0,2931.0,2931.0,2931.0,2019-10-29 00:00:00+05:30,358.5557218148361,362.4335905975368,352.72918063096785,360.2900390625,11732,0.0,0.0
2932,2932.0,2932.0,2932.0,2932.0,2932.0,2932.0,2019-10-30 00:00:00+05:30,360.0171904130416,360.07564820052886,339.1858797528866,342.96630859375,31542,0.0,0.0
2933,2933.0,2933.0,2933.0,2933.0,2933.0,2933.0,2019-10-31 00:00:00+05:30,348.0328721793952,350.7999831779305,341.0176402574897,345.9672546386719,30860,0.0,0.0
2934,2934.0,2934.0,2934.0,2934.0,2934.0,2934.0,2019-11-01 00:00:00+05:30,342.2842557607228,348.69540386989183,337.12028638897795,338.8935852050781,11640,0.0,0.0
2935,2935.0,2935.0,2935.0,2935.0,2935.0,2935.0,2019-11-04 00:00:00+05:30,344.1354948405653,348.4225673901964,342.96627972049515,347.4872131347656,24452,0.0,0.0
2936,2936.0,2936.0,2936.0,2936.0,2936.0,2936.0,2019-11-05 00:00:00+05:30,356.19782220379534,356.21732795819855,343.7847882767181,346.59088134765625,12417,0.0,0.0
2937,2937.0,2937.0,2937.0,2937.0,2937.0,2937.0,2019-11-06 00:00:00+05:30,348.0328877357487,384.9017644079959,344.40835603648486,371.2220764160156,362107,0.0,0.0
2938,2938.0,2938.0,2938.0,2938.0,2938.0,2938.0,2019-11-07 00:00:00+05:30,374.9245707547125,395.5805107985367,368.4160118512247,389.2083435058594,188917,0.0,0.0
2939,2939.0,2939.0,2939.0,2939.0,2939.0,2939.0,2019-11-08 00:00:00+05:30,391.2543978093093,418.9450425622847,386.7334938148838,395.6583862304687,174460,0.0,0.0
2940,2940.0,2940.0,2940.0,2940.0,2940.0,2940.0,2019-11-11 00:00:00+05:30,397.918899218642,407.23355093730174,394.781535456708,405.18743896484375,93487,0.0,0.0
2941,2941.0,2941.0,2941.0,2941.0,2941.0,2941.0,2019-11-13 00:00:00+05:30,399.47783888802087,402.9659493737204,392.3262148038586,393.3590087890625,38837,0.0,0.0
2942,2942.0,2942.0,2942.0,2942.0,2942.0,2942.0,2019-11-14 00:00:00+05:30,393.22258463755026,408.558656415786,387.78580180591143,397.3537902832031,46105,0.0,0.0
2943,2943.0,2943.0,2943.0,2943.0,2943.0,2943.0,2019-11-15 00:00:00+05:30,398.28911174647106,401.42647519342586,395.58045856439537,395.853271484375,6952,0.0,0.0
2944,2944.0,2944.0,2944.0,2944.0,2944.0,2944.0,2019-11-18 00:00:00+05:30,401.0367707172208,403.37517156200863,392.0728661220908,392.7549133300781,13485,0.0,0.0
2945,2945.0,2945.0,2945.0,2945.0,2945.0,2945.0,2019-11-19 00:00:00+05:30,396.7497080757469,401.4265098894445,391.683147998924,396.37945556640625,23720,0.0,0.0
2946,2946.0,2946.0,2946.0,2946.0,2946.0,2946.0,2019-11-20 00:00:00+05:30,397.5096820029309,404.71976372606144,383.9274333917626,395.54150390625,32145,0.0,0.0
2947,2947.0,2947.0,2947.0,2947.0,2947.0,2947.0,2019-11-21 00:00:00+05:30,392.0728811828913,400.64705758898214,392.0728811828913,396.1455993652344,12900,0.0,0.0
2948,2948.0,2948.0,2948.0,2948.0,2948.0,2948.0,2019-11-22 00:00:00+05:30,396.3599412680337,399.3998950892216,394.0605221839437,396.5158386230469,38422,0.0,0.0
2949,2949.0,2949.0,2949.0,2949.0,2949.0,2949.0,2019-11-25 00:00:00+05:30,399.47782824920967,401.3875188098478,390.0657373130661,396.0871276855469,22497,0.0,0.0
2950,2950.0,2950.0,2950.0,2950.0,2950.0,2950.0,2019-11-26 00:00:00+05:30,402.43983503063066,411.1698791146418,398.016340327799,406.25921630859375,40102,0.0,0.0
2951,2951.0,2951.0,2951.0,2951.0,2951.0,2951.0,2019-11-27 00:00:00+05:30,406.2591841442422,431.61142925843984,402.2059422782593,417.0353393554687,202642,0.0,0.0
2952,2952.0,2952.0,2952.0,2952.0,2952.0,2952.0,2019-11-28 00:00:00+05:30,420.0557930342272,424.22595053512066,413.9564392666368,418.8476257324219,31542,0.0,0.0
2953,2953.0,2953.0,2953.0,2953.0,2953.0,2953.0,2019-11-29 00:00:00+05:30,417.0158947976456,419.74402427172816,411.1893536005349,417.6784362792969,24537,0.0,0.0
2954,2954.0,2954.0,2954.0,2954.0,2954.0,2954.0,2019-12-02 00:00:00+05:30,419.7439913915904,419.7439913915904,415.067189878263,415.7492370605469,15660,0.0,0.0
2955,2955.0,2955.0,2955.0,2955.0,2955.0,2955.0,2019-12-03 00:00:00+05:30,416.236434839651,416.236434839651,406.1422963868564,411.2283325195313,20550,0.0,0.0
2956,2956.0,2956.0,2956.0,2956.0,2956.0,2956.0,2019-12-04 00:00:00+05:30,416.99640424862304,417.0158802676232,410.7606289804816,414.7164611816406,7260,0.0,0.0
2957,2957.0,2957.0,2957.0,2957.0,2957.0,2957.0,2019-12-05 00:00:00+05:30,415.47646754658297,417.4835977980906,409.2212158778928,413.1185607910156,41315,0.0,0.0
2958,2958.0,2958.0,2958.0,2958.0,2958.0,2958.0,2019-12-06 00:00:00+05:30,415.04776289206706,415.06723891252096,399.4973350677159,402.2254943847656,36150,0.0,0.0
2959,2959.0,2959.0,2959.0,2959.0,2959.0,2959.0,2019-12-09 00:00:00+05:30,406.49305273655045,407.2725097610015,397.0614562281672,402.5762023925781,32792,0.0,0.0
2960,2960.0,2960.0,2960.0,2960.0,2960.0,2960.0,2019-12-10 00:00:00+05:30,408.42223310623166,408.42223310623166,389.77345406875094,396.0676574707031,38690,0.0,0.0
2961,2961.0,2961.0,2961.0,2961.0,2961.0,2961.0,2019-12-11 00:00:00+05:30,400.1987674610606,400.1987674610606,390.2215761282376,393.066650390625,28182,0.0,0.0
2962,2962.0,2962.0,2962.0,2962.0,2962.0,2962.0,2019-12-12 00:00:00+05:30,397.4122489101384,398.3086215513742,391.6831473702075,395.95074462890625,19780,0.0,0.0
2963,2963.0,2963.0,2963.0,2963.0,2963.0,2963.0,2019-12-13 00:00:00+05:30,401.3680260289113,407.253024554195,395.5804670630805,401.8551940917969,19647,0.0,0.0
2964,2964.0,2964.0,2964.0,2964.0,2964.0,2964.0,2019-12-16 00:00:00+05:30,403.3751745498635,408.0519762740809,401.81623073033103,407.3894348144531,7780,0.0,0.0
2965,2965.0,2965.0,2965.0,2965.0,2965.0,2965.0,2019-12-17 00:00:00+05:30,414.6774574478667,414.6774574478667,405.3433007933734,411.34521484375,7225,0.0,0.0
2966,2966.0,2966.0,2966.0,2966.0,2966.0,2966.0,2019-12-18 00:00:00+05:30,412.3196201589308,420.52354472612177,410.1760981818725,413.4693298339844,15920,0.0,0.0
2967,2967.0,2967.0,2967.0,2967.0,2967.0,2967.0,2019-12-19 00:00:00+05:30,413.4497825583125,426.95409654427954,413.4497825583125,423.73876953125,23187,0.0,0.0
2968,2968.0,2968.0,2968.0,2968.0,2968.0,2968.0,2019-12-20 00:00:00+05:30,426.6813317246302,426.6813317246302,419.76353859663703,424.1090698242187,9435,0.0,0.0
2969,2969.0,2969.0,2969.0,2969.0,2969.0,2969.0,2019-12-23 00:00:00+05:30,427.9284413318736,427.9284413318736,411.1698479573941,416.0610046386719,33557,0.0,0.0
2970,2970.0,2970.0,2970.0,2970.0,2970.0,2970.0,2019-12-24 00:00:00+05:30,416.2169189698718,416.2364247233223,403.4726149186106,405.98638916015625,39807,0.0,0.0
2971,2971.0,2971.0,2971.0,2971.0,2971.0,2971.0,2019-12-26 00:00:00+05:30,414.91134677796566,414.91134677796566,399.9260504360128,411.0334777832031,22730,0.0,0.0
2972,2972.0,2972.0,2972.0,2972.0,2972.0,2972.0,2019-12-27 00:00:00+05:30,412.2221051345591,417.0158518416597,410.7801067329591,416.6455993652344,20860,0.0,0.0
2973,2973.0,2973.0,2973.0,2973.0,2973.0,2973.0,2019-12-30 00:00:00+05:30,427.5582118285165,427.6556513938905,413.4498131656508,419.8609619140625,18500,0.0,0.0
2974,2974.0,2974.0,2974.0,2974.0,2974.0,2974.0,2019-12-31 00:00:00+05:30,417.035366817753,426.25260861658097,417.035366817753,422.8619079589844,26882,0.0,0.0
2975,2975.0,2975.0,2975.0,2975.0,2975.0,2975.0,2020-01-01 00:00:00+05:30,429.0976617422429,442.251200601923,423.9531677331655,428.86383056640625,60685,0.0,0.0
2976,2976.0,2976.0,2976.0,2976.0,2976.0,2976.0,2020-01-02 00:00:00+05:30,435.9569694525584,467.29162361315144,430.7150362066411,453.7288513183594,108327,0.0,0.0
2977,2977.0,2977.0,2977.0,2977.0,2977.0,2977.0,2020-01-03 00:00:00+05:30,457.37288808122474,467.0188100080678,449.2274224148736,453.3001403808594,60190,0.0,0.0
2978,2978.0,2978.0,2978.0,2978.0,2978.0,2978.0,2020-01-06 00:00:00+05:30,454.04059726287574,457.5482129740136,440.55578995950265,445.1741333007813,35927,0.0,0.0
2979,2979.0,2979.0,2979.0,2979.0,2979.0,2979.0,2020-01-07 00:00:00+05:30,446.2849311072321,487.16806696097063,446.2849311072321,483.9137878417969,130062,0.0,0.0
2980,2980.0,2980.0,2980.0,2980.0,2980.0,2980.0,2020-01-08 00:00:00+05:30,478.5939588269733,487.16810559163343,471.5787262127011,481.3026123046875,82105,0.0,0.0
2981,2981.0,2981.0,2981.0,2981.0,2981.0,2981.0,2020-01-09 00:00:00+05:30,487.168077177819,496.9114387213753,481.71178876655136,491.6305236816406,77882,0.0,0.0
2982,2982.0,2982.0,2982.0,2982.0,2982.0,2982.0,2020-01-10 00:00:00+05:30,496.9114585152043,496.9114585152043,479.7631355685877,489.6234130859375,52335,0.0,0.0
2983,2983.0,2983.0,2983.0,2983.0,2983.0,2983.0,2020-01-13 00:00:00+05:30,491.1044264794076,494.1638266849425,483.2707551072838,485.414306640625,16292,0.0,0.0
2984,2984.0,2984.0,2984.0,2984.0,2984.0,2984.0,2020-01-14 00:00:00+05:30,485.2193876622253,496.9114210998693,485.1414538557676,494.92376708984375,30990,0.0,0.0
2985,2985.0,2985.0,2985.0,2985.0,2985.0,2985.0,2020-01-15 00:00:00+05:30,496.9113915772486,500.02927886913113,489.52593731104986,499.2303161621094,31232,0.0,0.0
2986,2986.0,2986.0,2986.0,2986.0,2986.0,2986.0,2020-01-16 00:00:00+05:30,497.690936818145,506.6548420716267,497.690936818145,505.2713012695313,49907,0.0,0.0
2987,2987.0,2987.0,2987.0,2987.0,2987.0,2987.0,2020-01-17 00:00:00+05:30,504.6865890369401,506.65476696939993,498.08062126828423,501.54925537109375,34755,0.0,0.0
2988,2988.0,2988.0,2988.0,2988.0,2988.0,2988.0,2020-01-20 00:00:00+05:30,496.9114700047581,506.2456276023757,495.0017793476215,495.9371337890625,13210,0.0,0.0
2989,2989.0,2989.0,2989.0,2989.0,2989.0,2989.0,2020-01-21 00:00:00+05:30,494.962786208067,506.6548205279426,494.962786208067,505.9922790527344,26200,0.0,0.0
2990,2990.0,2990.0,2990.0,2990.0,2990.0,2990.0,2020-01-22 00:00:00+05:30,504.84254187264605,506.6547928206178,500.4774755265126,504.0435791015625,46805,0.0,0.0
2991,2991.0,2991.0,2991.0,2991.0,2991.0,2991.0,2020-01-23 00:00:00+05:30,505.4661783364266,519.9057889437131,504.2385051706722,509.9091491699219,83870,0.0,0.0
2992,2992.0,2992.0,2992.0,2992.0,2992.0,2992.0,2020-01-24 00:00:00+05:30,516.3786646906916,516.7684229464555,500.80879171371976,507.8629760742187,40185,0.0,0.0
2993,2993.0,2993.0,2993.0,2993.0,2993.0,2993.0,2020-01-27 00:00:00+05:30,499.63958207139103,516.3981762900271,496.9114526564412,511.7213745117187,61115,0.0,0.0
2994,2994.0,2994.0,2994.0,2994.0,2994.0,2994.0,2020-01-28 00:00:00+05:30,511.721255981878,515.9888522266322,508.2331166081697,510.8443298339844,20312,0.0,0.0
2995,2995.0,2995.0,2995.0,2995.0,2995.0,2995.0,2020-01-29 00:00:00+05:30,515.618658141627,526.1025237292413,513.2802277951781,521.5231323242188,81592,0.0,0.0
2996,2996.0,2996.0,2996.0,2996.0,2996.0,2996.0,2020-01-30 00:00:00+05:30,522.945712666155,523.8031333058029,508.6424639502307,516.6904907226562,72615,0.0,0.0
2997,2997.0,2997.0,2997.0,2997.0,2997.0,2997.0,2020-01-31 00:00:00+05:30,514.4689444392483,522.9066685363277,509.7726375028528,511.6238403320313,16950,0.0,0.0
2998,2998.0,2998.0,2998.0,2998.0,2998.0,2998.0,2020-02-03 00:00:00+05:30,492.0397688834579,531.9875520997387,492.0397688834579,526.3753662109375,48812,0.0,0.0
2999,2999.0,2999.0,2999.0,2999.0,2999.0,2999.0,2020-02-04 00:00:00+05:30,533.9363003159598,545.628336089302,532.1045432873013,540.4253540039062,124980,0.0,0.0
3000,3000.0,3000.0,3000.0,3000.0,3000.0,3000.0,2020-02-05 00:00:00+05:30,544.8487439984444,560.4381211688219,542.5103136353861,548.9799194335938,70415,0.0,0.0
3001,3001.0,3001.0,3001.0,3001.0,3001.0,3001.0,2020-02-06 00:00:00+05:30,552.6434716420439,576.3393337519875,537.8335503897342,562.5232543945312,451067,0.0,0.0
3002,3002.0,3002.0,3002.0,3002.0,3002.0,3002.0,2020-02-07 00:00:00+05:30,576.027548697442,580.6848446104963,561.2371329502696,567.3364868164062,97947,0.0,0.0
3003,3003.0,3003.0,3003.0,3003.0,3003.0,3003.0,2020-02-10 00:00:00+05:30,570.3763864147916,618.1188561256511,560.438146132249,600.0546264648438,166252,0.0,0.0
3004,3004.0,3004.0,3004.0,3004.0,3004.0,3004.0,2020-02-11 00:00:00+05:30,604.0884707557267,615.7609999187116,594.4425181609922,598.1644897460938,73342,0.0,0.0
3005,3005.0,3005.0,3005.0,3005.0,3005.0,3005.0,2020-02-12 00:00:00+05:30,603.1140873300717,612.66256987224,598.1644429508111,604.7899169921875,42802,0.0,0.0
3006,3006.0,3006.0,3006.0,3006.0,3006.0,3006.0,2020-02-13 00:00:00+05:30,611.0645579010923,611.0645579010923,593.8773155424167,603.1529541015625,38625,0.0,0.0
3007,3007.0,3007.0,3007.0,3007.0,3007.0,3007.0,2020-02-14 00:00:00+05:30,611.8441269196534,623.5751123112564,600.4638882562238,612.2338256835938,132575,0.0,0.0
3008,3008.0,3008.0,3008.0,3008.0,3008.0,3008.0,2020-02-17 00:00:00+05:30,612.2338263124946,617.7290962678841,595.3193656461784,606.5242309570312,57352,0.0,0.0
3009,3009.0,3009.0,3009.0,3009.0,3009.0,3009.0,2020-02-18 00:00:00+05:30,607.9951616814321,617.7819033567147,601.1307001785772,606.9556884765625,47500,4.0,0.0
3010,3010.0,3010.0,3010.0,3010.0,3010.0,3010.0,2020-02-19 00:00:00+05:30,611.9178082664761,627.5688045251181,608.7797562534112,624.05810546875,93862,0.0,0.0
3011,3011.0,3011.0,3011.0,3011.0,3011.0,3011.0,2020-02-20 00:00:00+05:30,627.568837193419,653.4772648831492,623.293211924534,641.67041015625,140127,0.0,0.0
3012,3012.0,3012.0,3012.0,3012.0,3012.0,3012.0,2020-02-24 00:00:00+05:30,642.905782412569,670.344054445645,631.9226926638217,649.7506713867188,135117,0.0,0.0
3013,3013.0,3013.0,3013.0,3013.0,3013.0,3013.0,2020-02-25 00:00:00+05:30,656.9486200051515,674.1097752824556,644.0826615226642,647.514892578125,111340,0.0,0.0
3014,3014.0,3014.0,3014.0,3014.0,3014.0,3014.0,2020-02-26 00:00:00+05:30,645.2594187198528,695.8602853650513,641.3565009633452,685.3870849609375,267177,0.0,0.0
3015,3015.0,3015.0,3015.0,3015.0,3015.0,3015.0,2020-02-27 00:00:00+05:30,688.4074395977217,710.0010938219377,607.9951745734865,630.8048095703125,292120,0.0,0.0
3016,3016.0,3016.0,3016.0,3016.0,3016.0,3016.0,2020-02-28 00:00:00+05:30,600.1500879539935,613.4867326338506,576.2029394386907,592.756103515625,183052,0.0,0.0
3017,3017.0,3017.0,3017.0,3017.0,3017.0,3017.0,2020-03-02 00:00:00+05:30,601.0326739121024,635.8453008887087,576.2225003249632,595.87451171875,136642,0.0,0.0
3018,3018.0,3018.0,3018.0,3018.0,3018.0,3018.0,2020-03-03 00:00:00+05:30,600.1501514029446,607.9952514212838,578.8311016796462,598.5615234375,111902,0.0,0.0
3019,3019.0,3019.0,3019.0,3019.0,3019.0,3019.0,2020-03-04 00:00:00+05:30,603.9158030632715,607.6029496565712,578.8310799379091,591.0302124023438,92705,0.0,0.0
3020,3020.0,3020.0,3020.0,3020.0,3020.0,3020.0,2020-03-05 00:00:00+05:30,597.2474098041541,607.5245309598478,588.3824688211254,601.6602783203125,49527,0.0,0.0
3021,3021.0,3021.0,3021.0,3021.0,3021.0,3021.0,2020-03-06 00:00:00+05:30,580.5177467913603,609.9565026140057,574.2612749827098,605.3671264648438,81207,0.0,0.0
3022,3022.0,3022.0,3022.0,3022.0,3022.0,3022.0,2020-03-09 00:00:00+05:30,597.2866921804317,608.760162649875,564.8471876318029,574.5947265625,129572,0.0,0.0
3023,3023.0,3023.0,3023.0,3023.0,3023.0,3023.0,2020-03-11 00:00:00+05:30,574.6535546569842,586.4408361427849,554.864297789937,570.9467163085938,94505,0.0,0.0
3024,3024.0,3024.0,3024.0,3024.0,3024.0,3024.0,2020-03-12 00:00:00+05:30,549.1569325043047,553.0598501215294,490.3186897359864,497.9088134765625,142807,0.0,0.0
3025,3025.0,3025.0,3025.0,3025.0,3025.0,3025.0,2020-03-13 00:00:00+05:30,421.6740965630325,540.2135543572066,400.5119539079104,509.2842712402344,173025,0.0,0.0
3026,3026.0,3026.0,3026.0,3026.0,3026.0,3026.0,2020-03-16 00:00:00+05:30,490.3186969060382,502.1255495803272,457.4673442133336,487.2198791503906,76732,0.0,0.0
3027,3027.0,3027.0,3027.0,3027.0,3027.0,3027.0,2020-03-17 00:00:00+05:30,481.2968376116044,489.1223350593462,465.979285777063,477.0801086425781,76352,0.0,0.0
3028,3028.0,3028.0,3028.0,3028.0,3028.0,3028.0,2020-03-18 00:00:00+05:30,484.82709209321655,484.82709209321655,452.19148280473706,460.05621337890625,96262,0.0,0.0
3029,3029.0,3029.0,3029.0,3029.0,3029.0,3029.0,2020-03-19 00:00:00+05:30,431.8727175529688,444.64063602590903,404.41486955325826,425.1651611328125,117362,0.0,0.0
3030,3030.0,3030.0,3030.0,3030.0,3030.0,3030.0,2020-03-20 00:00:00+05:30,429.51917274377865,510.18641325616767,427.5578979823915,491.9073181152344,103065,0.0,0.0
3031,3031.0,3031.0,3031.0,3031.0,3031.0,3031.0,2020-03-23 00:00:00+05:30,435.4030122907112,488.3378307297494,407.94516466877445,431.303955078125,68112,0.0,0.0
3032,3032.0,3032.0,3032.0,3032.0,3032.0,3032.0,2020-03-24 00:00:00+05:30,445.99389195243214,489.9264668472152,437.36429452441587,465.0771179199219,43985,0.0,0.0
3033,3033.0,3033.0,3033.0,3033.0,3033.0,3033.0,2020-03-25 00:00:00+05:30,461.09572420308245,497.7715575148376,446.20962550881075,470.0195007324219,58172,0.0,0.0
3034,3034.0,3034.0,3034.0,3034.0,3034.0,3034.0,2020-03-26 00:00:00+05:30,480.5123465970644,499.7328464462829,451.5247062046493,478.7079772949219,82297,0.0,0.0
3035,3035.0,3035.0,3035.0,3035.0,3035.0,3035.0,2020-03-27 00:00:00+05:30,498.16381880031264,507.97019318614554,456.97704637981434,463.7434387207031,46585,0.0,0.0
3036,3036.0,3036.0,3036.0,3036.0,3036.0,3036.0,2020-03-30 00:00:00+05:30,441.28681404977175,461.4094819968375,439.7177882811482,457.8792114257813,44620,0.0,0.0
3037,3037.0,3037.0,3037.0,3037.0,3037.0,3037.0,2020-03-31 00:00:00+05:30,476.1974927805166,476.5113039080887,462.86081912546456,472.0003662109375,34262,0.0,0.0
3038,3038.0,3038.0,3038.0,3038.0,3038.0,3038.0,2020-04-01 00:00:00+05:30,488.35742134738587,488.35742134738587,435.2264946169346,445.3466796875,45782,0.0,0.0
3039,3039.0,3039.0,3039.0,3039.0,3039.0,3039.0,2020-04-03 00:00:00+05:30,458.9383066483112,462.8412543032409,441.6987141945171,453.8586120605469,20780,0.0,0.0
3040,3040.0,3040.0,3040.0,3040.0,3040.0,3040.0,2020-04-07 00:00:00+05:30,470.7059472504868,487.5729223309672,460.89957334943506,483.43463134765625,112865,0.0,0.0
3041,3041.0,3041.0,3041.0,3041.0,3041.0,3041.0,2020-04-08 00:00:00+05:30,485.0625499602608,548.3725049048827,479.4140683534991,523.2877807617188,103752,0.0,0.0
3042,3042.0,3042.0,3042.0,3042.0,3042.0,3042.0,2020-04-09 00:00:00+05:30,547.9802137359873,566.8084653873466,539.5074915148713,549.9611206054688,109992,0.0,0.0
3043,3043.0,3043.0,3043.0,3043.0,3043.0,3043.0,2020-04-13 00:00:00+05:30,558.1787843234777,561.8855623344734,523.6603380822189,529.9168090820312,84960,0.0,0.0
3044,3044.0,3044.0,3044.0,3044.0,3044.0,3044.0,2020-04-15 00:00:00+05:30,541.3118431801084,550.7652020526247,522.1305780876432,533.7020874023438,84910,0.0,0.0
3045,3045.0,3045.0,3045.0,3045.0,3045.0,3045.0,2020-04-16 00:00:00+05:30,533.7021165749796,556.9628680285704,527.0337938811098,549.4315795898438,74720,0.0,0.0
3046,3046.0,3046.0,3046.0,3046.0,3046.0,3046.0,2020-04-17 00:00:00+05:30,564.8472436623442,606.8185199360254,549.8630727744627,601.5623168945312,226202,0.0,0.0
3047,3047.0,3047.0,3047.0,3047.0,3047.0,3047.0,2020-04-20 00:00:00+05:30,613.8789773520584,619.3705225371891,601.7386822449108,606.1515502929688,73525,0.0,0.0
3048,3048.0,3048.0,3048.0,3048.0,3048.0,3048.0,2020-04-21 00:00:00+05:30,594.2661665101931,594.2661665101931,569.1618771468109,571.22119140625,85262,0.0,0.0
3049,3049.0,3049.0,3049.0,3049.0,3049.0,3049.0,2020-04-22 00:00:00+05:30,571.1231719350708,685.4654540652782,561.0813959792468,682.62158203125,456452,0.0,0.0
3050,3050.0,3050.0,3050.0,3050.0,3050.0,3050.0,2020-04-23 00:00:00+05:30,690.3296169127971,713.884489674469,638.5911712724366,663.4993286132812,375607,0.0,0.0
3051,3051.0,3051.0,3051.0,3051.0,3051.0,3051.0,2020-04-24 00:00:00+05:30,660.9104504816029,675.2473654972108,623.6854305927263,649.1231689453125,115497,0.0,0.0
3052,3052.0,3052.0,3052.0,3052.0,3052.0,3052.0,2020-04-27 00:00:00+05:30,657.0270577333057,764.8971716895201,652.0258309366785,753.8748168945312,379037,0.0,0.0
3053,3053.0,3053.0,3053.0,3053.0,3053.0,3053.0,2020-04-28 00:00:00+05:30,764.8971841681017,784.4707285306891,720.1801419580789,734.1444091796875,169530,0.0,0.0
3054,3054.0,3054.0,3054.0,3054.0,3054.0,3054.0,2020-04-29 00:00:00+05:30,742.5386366580167,757.0716898228104,717.8265626929965,744.3037719726562,165142,0.0,0.0
3055,3055.0,3055.0,3055.0,3055.0,3055.0,3055.0,2020-04-30 00:00:00+05:30,752.7372820077766,757.0521107252749,696.6056039963416,702.1364135742188,113165,0.0,0.0
3056,3056.0,3056.0,3056.0,3056.0,3056.0,3056.0,2020-05-04 00:00:00+05:30,694.2912572936092,753.1294994371353,651.5746958915433,696.5075073242188,204217,0.0,0.0
3057,3057.0,3057.0,3057.0,3057.0,3057.0,3057.0,2020-05-05 00:00:00+05:30,711.942704880208,740.7538345574302,693.5067349614187,703.2542724609375,135862,0.0,0.0
3058,3058.0,3058.0,3058.0,3058.0,3058.0,3058.0,2020-05-06 00:00:00+05:30,711.9428432244405,725.671768575876,697.2529122514811,707.7064819335938,71910,0.0,0.0
3059,3059.0,3059.0,3059.0,3059.0,3059.0,3059.0,2020-05-07 00:00:00+05:30,715.4731092971175,717.8266632820108,681.0331244481405,688.0152587890625,73360,0.0,0.0
3060,3060.0,3060.0,3060.0,3060.0,3060.0,3060.0,2020-05-08 00:00:00+05:30,701.3322805986045,701.3322805986045,681.7391636043258,690.58447265625,64112,0.0,0.0
3061,3061.0,3061.0,3061.0,3061.0,3061.0,3061.0,2020-05-11 00:00:00+05:30,693.8989494588237,723.7103481759773,691.6434955747452,694.5462036132812,62472,0.0,0.0
3062,3062.0,3062.0,3062.0,3062.0,3062.0,3062.0,2020-05-12 00:00:00+05:30,697.8215612797317,725.6716878352943,678.99337077534,695.7426147460938,106207,0.0,0.0
3063,3063.0,3063.0,3063.0,3063.0,3063.0,3063.0,2020-05-13 00:00:00+05:30,705.6666649954917,713.9040432824012,686.4658273653638,691.2513427734375,48127,0.0,0.0
3064,3064.0,3064.0,3064.0,3064.0,3064.0,3064.0,2020-05-14 00:00:00+05:30,693.5067743955228,697.0763088610445,662.9500797956886,669.44189453125,48330,0.0,0.0
3065,3065.0,3065.0,3065.0,3065.0,3065.0,3065.0,2020-05-15 00:00:00+05:30,670.7952301801953,709.0008873734197,663.3032054342642,691.5651245117188,104517,0.0,0.0
3066,3066.0,3066.0,3066.0,3066.0,3066.0,3066.0,2020-05-18 00:00:00+05:30,706.0392456276315,707.9809482411114,657.3604540599916,670.5402221679688,71722,0.0,0.0
3067,3067.0,3067.0,3067.0,3067.0,3067.0,3067.0,2020-05-19 00:00:00+05:30,674.6785086440325,680.5623328473234,660.9495855030202,675.2864990234375,45697,0.0,0.0
3068,3068.0,3068.0,3068.0,3068.0,3068.0,3068.0,2020-05-20 00:00:00+05:30,682.5235841774771,696.1152032562068,678.6598706890051,686.6422729492188,59230,0.0,0.0
3069,3069.0,3069.0,3069.0,3069.0,3069.0,3069.0,2020-05-21 00:00:00+05:30,693.8793539790504,725.6715983251124,687.7993907791698,709.8833618164062,159880,0.0,0.0
3070,3070.0,3070.0,3070.0,3070.0,3070.0,3070.0,2020-05-22 00:00:00+05:30,717.8265336146618,732.7322331685878,702.1363361586036,709.1184692382812,154517,0.0,0.0
3071,3071.0,3071.0,3071.0,3071.0,3071.0,3071.0,2020-05-26 00:00:00+05:30,725.6717024844629,756.6598215140774,711.1582804054455,750.6583251953125,224335,0.0,0.0
3072,3072.0,3072.0,3072.0,3072.0,3072.0,3072.0,2020-05-27 00:00:00+05:30,755.0908576581411,808.4375603742948,751.8743380023993,790.0603637695312,452892,0.0,0.0
3073,3073.0,3073.0,3073.0,3073.0,3073.0,3073.0,2020-05-28 00:00:00+05:30,792.3747326880771,823.3236498246034,776.6649007694373,803.2205810546875,370967,0.0,0.0
3074,3074.0,3074.0,3074.0,3074.0,3074.0,3074.0,2020-05-29 00:00:00+05:30,802.1614332850943,813.5172317034989,780.587409407011,785.9417114257812,149235,0.0,0.0
3075,3075.0,3075.0,3075.0,3075.0,3075.0,3075.0,2020-06-01 00:00:00+05:30,793.1395993833198,808.123769138514,784.5100013392606,790.5899658203125,125847,0.0,0.0
3076,3076.0,3076.0,3076.0,3076.0,3076.0,3076.0,2020-06-02 00:00:00+05:30,803.3184799480046,807.6333081367317,796.7286258270603,801.5533447265625,65682,0.0,0.0
3077,3077.0,3077.0,3077.0,3077.0,3077.0,3077.0,2020-06-03 00:00:00+05:30,808.0452154111516,808.0452154111516,792.7472959539338,796.8267211914062,87685,0.0,0.0
3078,3078.0,3078.0,3078.0,3078.0,3078.0,3078.0,2020-06-04 00:00:00+05:30,796.8267305143175,808.0452248653199,793.1395242806279,802.2398681640625,39932,0.0,0.0
3079,3079.0,3079.0,3079.0,3079.0,3079.0,3079.0,2020-06-05 00:00:00+05:30,804.1226611637182,831.8158515277464,804.1226611637182,821.3426513671875,160032,0.0,0.0
3080,3080.0,3080.0,3080.0,3080.0,3080.0,3080.0,2020-06-08 00:00:00+05:30,842.955884943036,849.5261674924944,806.4762215524562,828.9720458984375,152127,0.0,0.0
3081,3081.0,3081.0,3081.0,3081.0,3081.0,3081.0,2020-06-09 00:00:00+05:30,836.3268394422064,843.3481769989527,786.1573957670394,797.807373046875,98652,0.0,0.0
3082,3082.0,3082.0,3082.0,3082.0,3082.0,3082.0,2020-06-10 00:00:00+05:30,798.2389625304045,804.0835838524088,773.1542373420667,794.492919921875,135500,0.0,0.0
3083,3083.0,3083.0,3083.0,3083.0,3083.0,3083.0,2020-06-11 00:00:00+05:30,798.2388814628669,843.7993187751438,784.5491611623139,828.3836669921875,145367,0.0,0.0
3084,3084.0,3084.0,3084.0,3084.0,3084.0,3084.0,2020-06-12 00:00:00+05:30,794.7674377912098,838.6607191422063,794.7086019391943,823.539306640625,128237,0.0,0.0
3085,3085.0,3085.0,3085.0,3085.0,3085.0,3085.0,2020-06-15 00:00:00+05:30,835.5030840374712,835.5030840374712,816.6748335532791,818.6361083984375,81885,0.0,0.0
3086,3086.0,3086.0,3086.0,3086.0,3086.0,3086.0,2020-06-16 00:00:00+05:30,827.6579851936134,843.3285520635173,788.0010054046571,826.0889892578125,197205,0.0,0.0
3087,3087.0,3087.0,3087.0,3087.0,3087.0,3087.0,2020-06-17 00:00:00+05:30,834.3262987590902,841.3869001012407,818.3027169533641,827.5599365234375,245537,0.0,0.0
3088,3088.0,3088.0,3088.0,3088.0,3088.0,3088.0,2020-06-18 00:00:00+05:30,827.7560328631032,839.0333633372782,819.8128936008974,825.186767578125,130882,0.0,0.0
3089,3089.0,3089.0,3089.0,3089.0,3089.0,3089.0,2020-06-19 00:00:00+05:30,831.1883442858807,833.9733811991872,815.8904227997316,817.635986328125,608720,0.0,0.0
3090,3090.0,3090.0,3090.0,3090.0,3090.0,3090.0,2020-06-22 00:00:00+05:30,821.3818597415909,828.8347398704033,815.8903142600295,822.597900390625,166152,0.0,0.0
3091,3091.0,3091.0,3091.0,3091.0,3091.0,3091.0,2020-06-23 00:00:00+05:30,831.6786052568609,896.3026377634236,831.6786052568609,851.6640014648438,700247,0.0,0.0
3092,3092.0,3092.0,3092.0,3092.0,3092.0,3092.0,2020-06-24 00:00:00+05:30,874.3362820227568,874.3362820227568,804.1423000152107,811.791259765625,270150,0.0,0.0
3093,3093.0,3093.0,3093.0,3093.0,3093.0,3093.0,2020-06-25 00:00:00+05:30,797.0620469892182,827.2460941425313,793.237597136045,799.7686157226562,163702,0.0,0.0
3094,3094.0,3094.0,3094.0,3094.0,3094.0,3094.0,2020-06-26 00:00:00+05:30,823.7354491039953,843.3481978921857,812.7719297138,834.5224609375,355325,0.0,0.0
3095,3095.0,3095.0,3095.0,3095.0,3095.0,3095.0,2020-06-29 00:00:00+05:30,839.4256197525514,841.4849343643397,819.8128716274917,830.8548583984375,145110,0.0,0.0
3096,3096.0,3096.0,3096.0,3096.0,3096.0,3096.0,2020-06-30 00:00:00+05:30,837.0721187278405,840.7985889888597,823.7354731046337,826.579345703125,88127,0.0,0.0
3097,3097.0,3097.0,3097.0,3097.0,3097.0,3097.0,2020-07-01 00:00:00+05:30,832.0708769607324,853.978343945949,820.6170387183845,849.7223510742188,211005,0.0,0.0
3098,3098.0,3098.0,3098.0,3098.0,3098.0,3098.0,2020-07-02 00:00:00+05:30,856.6848011263183,857.861577966588,848.0552040532677,851.7227783203125,80427,0.0,0.0
3099,3099.0,3099.0,3099.0,3099.0,3099.0,3099.0,2020-07-03 00:00:00+05:30,857.8615460947424,892.2623212635292,836.7778429644196,878.317626953125,205342,0.0,0.0
3100,3100.0,3100.0,3100.0,3100.0,3100.0,3100.0,2020-07-06 00:00:00+05:30,886.1039762639766,906.1482081448272,879.5337532288077,902.5198974609376,253977,0.0,0.0
3101,3101.0,3101.0,3101.0,3101.0,3101.0,3101.0,2020-07-07 00:00:00+05:30,909.2470483452826,919.3476020289016,899.1660667102224,905.7559814453124,151942,0.0,0.0
3102,3102.0,3102.0,3102.0,3102.0,3102.0,3102.0,2020-07-08 00:00:00+05:30,914.3463372517878,919.445603857749,896.1260775699519,902.4217529296876,112070,0.0,0.0
3103,3103.0,3103.0,3103.0,3103.0,3103.0,3103.0,2020-07-09 00:00:00+05:30,907.3838320647728,949.2570636834656,902.8729236786958,941.9022827148438,278867,0.0,0.0
3104,3104.0,3104.0,3104.0,3104.0,3104.0,3104.0,2020-07-10 00:00:00+05:30,941.9022595259706,968.869789080332,941.9022595259706,948.7078857421876,159015,0.0,0.0
3105,3105.0,3105.0,3105.0,3105.0,3105.0,3105.0,2020-07-13 00:00:00+05:30,960.5344023518812,966.5162669805688,934.9201564107666,938.6661987304688,129985,0.0,0.0
3106,3106.0,3106.0,3106.0,3106.0,3106.0,3106.0,2020-07-14 00:00:00+05:30,939.4506268659816,941.3726977124148,917.8766041195812,922.3875122070312,85905,0.0,0.0
3107,3107.0,3107.0,3107.0,3107.0,3107.0,3107.0,2020-07-15 00:00:00+05:30,933.1745415664748,937.0970912323336,911.99279731218,914.2678833007812,44727,0.0,0.0
3108,3108.0,3108.0,3108.0,3108.0,3108.0,3108.0,2020-07-16 00:00:00+05:30,922.5836336016348,922.5836336016348,872.7672667510121,889.2027587890625,90430,0.0,0.0
3109,3109.0,3109.0,3109.0,3109.0,3109.0,3109.0,2020-07-17 00:00:00+05:30,895.9104011506578,917.8767052168508,895.8908291008333,901.656982421875,43497,0.0,0.0
3110,3110.0,3110.0,3110.0,3110.0,3110.0,3110.0,2020-07-20 00:00:00+05:30,901.6568878944784,909.3843154165434,891.5955385655616,897.87158203125,44522,0.0,0.0
3111,3111.0,3111.0,3111.0,3111.0,3111.0,3111.0,2020-07-21 00:00:00+05:30,897.8715787464757,902.166775343146,884.0249834583441,887.4572143554688,51222,0.0,0.0
3112,3112.0,3112.0,3112.0,3112.0,3112.0,3112.0,2020-07-22 00:00:00+05:30,893.3214420316822,910.0314813049883,882.5736348863034,886.7511596679688,61012,0.0,0.0
3113,3113.0,3113.0,3113.0,3113.0,3113.0,3113.0,2020-07-23 00:00:00+05:30,892.1446959873149,902.1864134474098,886.908065904219,896.7929077148438,42872,0.0,0.0
3114,3114.0,3114.0,3114.0,3114.0,3114.0,3114.0,2020-07-24 00:00:00+05:30,890.8110174654167,925.1725296182128,890.8110174654167,914.973876953125,61777,0.0,0.0
3115,3115.0,3115.0,3115.0,3115.0,3115.0,3115.0,2020-07-27 00:00:00+05:30,917.8766002238152,946.5112240818108,886.4962036349668,891.3209228515625,74195,0.0,0.0
3116,3116.0,3116.0,3116.0,3116.0,3116.0,3116.0,2020-07-28 00:00:00+05:30,891.5955624237777,906.1089844024086,890.4187855382977,895.6749877929688,32502,0.0,0.0
3117,3117.0,3117.0,3117.0,3117.0,3117.0,3117.0,2020-07-29 00:00:00+05:30,896.302541842411,901.794087085224,884.1622466077432,891.4581909179688,43647,0.0,0.0
3118,3118.0,3118.0,3118.0,3118.0,3118.0,3118.0,2020-07-30 00:00:00+05:30,897.6362875566309,898.2247059423764,882.9659895177973,885.456787109375,27110,0.0,0.0
3119,3119.0,3119.0,3119.0,3119.0,3119.0,3119.0,2020-07-31 00:00:00+05:30,882.9659777781471,894.3413481776595,875.9249482651779,882.2598876953125,47342,0.0,0.0
3120,3120.0,3120.0,3120.0,3120.0,3120.0,3120.0,2020-08-03 00:00:00+05:30,886.1039472244416,911.639783902832,882.9659553686039,902.264892578125,59382,0.0,0.0
3121,3121.0,3121.0,3121.0,3121.0,3121.0,3121.0,2020-08-04 00:00:00+05:30,922.7797953912428,941.0196271292592,906.8934575062908,937.410888671875,122487,0.0,0.0
3122,3122.0,3122.0,3122.0,3122.0,3122.0,3122.0,2020-08-05 00:00:00+05:30,945.2952678092772,980.637418836952,941.411922083474,971.1056518554688,335655,0.0,0.0
3123,3123.0,3123.0,3123.0,3123.0,3123.0,3123.0,2020-08-06 00:00:00+05:30,992.4914596874338,999.4428359595752,947.9868703092134,951.7283935546876,102670,4.0,0.0
3124,3124.0,3124.0,3124.0,3124.0,3124.0,3124.0,2020-08-07 00:00:00+05:30,957.0453967394436,964.9223135850356,939.3223338368612,962.6380004882812,55890,0.0,0.0
3125,3125.0,3125.0,3125.0,3125.0,3125.0,3125.0,2020-08-10 00:00:00+05:30,983.2360156105208,1005.4883393670256,962.637897098498,1001.1954345703124,162285,0.0,0.0
3126,3126.0,3126.0,3126.0,3126.0,3126.0,3126.0,2020-08-11 00:00:00+05:30,1012.183787036531,1070.866791896316,1008.284751765874,1060.193603515625,190255,0.0,0.0
3127,3127.0,3127.0,3127.0,3127.0,3127.0,3127.0,2020-08-12 00:00:00+05:30,1062.5959881346507,1082.603423359094,1043.6914366051017,1055.3099365234375,103332,0.0,0.0
3128,3128.0,3128.0,3128.0,3128.0,3128.0,3128.0,2020-08-13 00:00:00+05:30,1063.4034132175125,1122.4605740124314,1063.4034132175125,1112.5159912109375,237730,0.0,0.0
3129,3129.0,3129.0,3129.0,3129.0,3129.0,3129.0,2020-08-14 00:00:00+05:30,1131.9129214720788,1161.8452293862345,1076.5776289629414,1116.3953857421875,361102,0.0,0.0
3130,3130.0,3130.0,3130.0,3130.0,3130.0,3130.0,2020-08-17 00:00:00+05:30,1137.4265891321677,1161.8450760964977,1114.5835814756233,1133.744140625,219907,0.0,0.0
3131,3131.0,3131.0,3131.0,3131.0,3131.0,3131.0,2020-08-18 00:00:00+05:30,1145.303559020516,1159.088162269625,1122.4605502845875,1128.4666748046875,198530,0.0,0.0
3132,3132.0,3132.0,3132.0,3132.0,3132.0,3132.0,2020-08-19 00:00:00+05:30,1141.758942640087,1142.1528124759325,1122.8543924415028,1132.995849609375,82942,0.0,0.0
3133,3133.0,3133.0,3133.0,3133.0,3133.0,3133.0,2020-08-20 00:00:00+05:30,1132.9960051155008,1137.4267709444448,1122.460676665787,1125.17822265625,64175,0.0,0.0
3134,3134.0,3134.0,3134.0,3134.0,3134.0,3134.0,2020-08-21 00:00:00+05:30,1138.2143331157502,1289.8449622678484,1130.3374173156412,1260.38525390625,473790,0.0,0.0
3135,3135.0,3135.0,3135.0,3135.0,3135.0,3135.0,2020-08-24 00:00:00+05:30,1322.0812431104337,1358.7679884129595,1291.8142034766686,1339.19384765625,486780,0.0,0.0
3136,3136.0,3136.0,3136.0,3136.0,3136.0,3136.0,2020-08-25 00:00:00+05:30,1357.1927549598936,1358.3742443736555,1280.7866879365938,1291.2825927734375,236032,0.0,0.0
3137,3137.0,3137.0,3137.0,3137.0,3137.0,3137.0,2020-08-26 00:00:00+05:30,1297.3279521660495,1407.4866196769538,1279.998762193256,1363.297119140625,397190,0.0,0.0
3138,3138.0,3138.0,3138.0,3138.0,3138.0,3138.0,2020-08-27 00:00:00+05:30,1386.3373177402725,1395.651733132333,1320.427275965534,1354.3570556640625,188672,0.0,0.0
3139,3139.0,3139.0,3139.0,3139.0,3139.0,3139.0,2020-08-28 00:00:00+05:30,1357.9214710789183,1364.5380527210084,1309.5374924607245,1312.0384521484375,145430,0.0,0.0
3140,3140.0,3140.0,3140.0,3140.0,3140.0,3140.0,2020-08-31 00:00:00+05:30,1312.0382802371848,1318.891158883428,1185.869760327504,1222.4776611328125,353862,0.0,0.0
3141,3141.0,3141.0,3141.0,3141.0,3141.0,3141.0,2020-09-01 00:00:00+05:30,1222.8912025125487,1268.1834692722728,1182.3644362537275,1246.8173828125,122145,0.0,0.0
3142,3142.0,3142.0,3142.0,3142.0,3142.0,3142.0,2020-09-02 00:00:00+05:30,1260.7004377221951,1319.3834382507275,1248.491193807405,1307.1741943359375,105570,0.0,0.0
3143,3143.0,3143.0,3143.0,3143.0,3143.0,3143.0,2020-09-03 00:00:00+05:30,1319.383435906715,1358.7680160830348,1276.9858776546505,1291.9718017578125,121840,0.0,0.0
3144,3144.0,3144.0,3144.0,3144.0,3144.0,3144.0,2020-09-04 00:00:00+05:30,1276.0605448202932,1342.9749157924168,1253.2371250924054,1319.2457275390625,133137,0.0,0.0
3145,3145.0,3145.0,3145.0,3145.0,3145.0,3145.0,2020-09-07 00:00:00+05:30,1327.260485491036,1334.6253834943122,1271.0390156707706,1285.3946533203125,88900,0.0,0.0
3146,3146.0,3146.0,3146.0,3146.0,3146.0,3146.0,2020-09-08 00:00:00+05:30,1289.2541520008458,1321.3525582141067,1272.1218369691696,1277.4190673828125,86675,0.0,0.0
3147,3147.0,3147.0,3147.0,3147.0,3147.0,3147.0,2020-09-09 00:00:00+05:30,1260.306645861974,1264.6389739955662,1208.7522415527476,1239.47216796875,156160,0.0,0.0
3148,3148.0,3148.0,3148.0,3148.0,3148.0,3148.0,2020-09-10 00:00:00+05:30,1260.3065278251688,1270.1329610535545,1248.274567788465,1256.112060546875,51555,0.0,0.0
3149,3149.0,3149.0,3149.0,3149.0,3149.0,3149.0,2020-09-11 00:00:00+05:30,1256.7620190404914,1260.3066073351808,1226.9281504930973,1254.3594970703125,51230,0.0,0.0
3150,3150.0,3150.0,3150.0,3150.0,3150.0,3150.0,2020-09-14 00:00:00+05:30,1267.711044491327,1338.2881536863254,1266.9824392823186,1316.4888916015625,182750,0.0,0.0
3151,3151.0,3151.0,3151.0,3151.0,3151.0,3151.0,2020-09-15 00:00:00+05:30,1330.0174492431795,1342.6204440029846,1311.683930205949,1328.54052734375,85782,0.0,0.0
3152,3152.0,3152.0,3152.0,3152.0,3152.0,3152.0,2020-09-16 00:00:00+05:30,1337.106664376036,1346.9528106527373,1323.3220595886542,1326.4727783203125,47747,0.0,0.0
3153,3153.0,3153.0,3153.0,3153.0,3153.0,3153.0,2020-09-17 00:00:00+05:30,1334.7435955322585,1335.137465430711,1295.7923024773158,1303.905517578125,63510,0.0,0.0
3154,3154.0,3154.0,3154.0,3154.0,3154.0,3154.0,2020-09-18 00:00:00+05:30,1297.721924583628,1323.3219018515904,1287.481909638003,1313.3773193359375,67695,0.0,0.0
3155,3155.0,3155.0,3155.0,3155.0,3155.0,3155.0,2020-09-21 00:00:00+05:30,1313.4758935883951,1324.109779484437,1233.5252350990304,1260.326416015625,71352,0.0,0.0
3156,3156.0,3156.0,3156.0,3156.0,3156.0,3156.0,2020-09-22 00:00:00+05:30,1253.2175038714245,1255.9153382447944,1124.4298668426811,1209.8353271484375,220845,0.0,0.0
3157,3157.0,3157.0,3157.0,3157.0,3157.0,3157.0,2020-09-23 00:00:00+05:30,1226.8298119972,1268.183625884746,1172.4791332504535,1198.650146484375,141052,0.0,0.0
3158,3158.0,3158.0,3158.0,3158.0,3158.0,3158.0,2020-09-24 00:00:00+05:30,1175.629795739701,1191.3836288484408,1146.4852285269742,1161.1953125,97125,0.0,0.0
3159,3159.0,3159.0,3159.0,3159.0,3159.0,3159.0,2020-09-25 00:00:00+05:30,1171.691459171978,1254.0052216770443,1164.5037239926064,1244.76953125,99800,0.0,0.0
3160,3160.0,3160.0,3160.0,3160.0,3160.0,3160.0,2020-09-28 00:00:00+05:30,1255.5803579940616,1299.297265681772,1255.5410551448929,1284.7840576171875,100640,0.0,0.0
3161,3161.0,3161.0,3161.0,3161.0,3161.0,3161.0,2020-09-29 00:00:00+05:30,1296.855509775028,1307.5681208742158,1261.0943622453278,1267.7503662109375,75785,0.0,0.0
3162,3162.0,3162.0,3162.0,3162.0,3162.0,3162.0,2020-09-30 00:00:00+05:30,1276.0604993567813,1281.9681868538034,1258.3374368657148,1263.83154296875,48190,0.0,0.0
3163,3163.0,3163.0,3163.0,3163.0,3163.0,3163.0,2020-10-01 00:00:00+05:30,1276.0605705503365,1295.3392818886812,1271.1769204085049,1280.0384521484375,63510,0.0,0.0
3164,3164.0,3164.0,3164.0,3164.0,3164.0,3164.0,2020-10-05 00:00:00+05:30,1293.3504046667017,1295.9891044727783,1268.1835979346808,1271.0587158203125,52260,0.0,0.0
3165,3165.0,3165.0,3165.0,3165.0,3165.0,3165.0,2020-10-06 00:00:00+05:30,1279.959682572162,1283.4649685844392,1262.3744785133822,1265.9190673828125,33250,0.0,0.0
3166,3166.0,3166.0,3166.0,3166.0,3166.0,3166.0,2020-10-07 00:00:00+05:30,1273.8156357547537,1278.561545673916,1252.4889689807992,1263.063720703125,47542,0.0,0.0
3167,3167.0,3167.0,3167.0,3167.0,3167.0,3167.0,2020-10-08 00:00:00+05:30,1274.0715633893374,1294.3152969797336,1250.4605248361763,1271.9251708984375,100972,0.0,0.0
3168,3168.0,3168.0,3168.0,3168.0,3168.0,3168.0,2020-10-09 00:00:00+05:30,1276.0606017091284,1289.845206974505,1262.2957079677433,1268.892578125,39922,0.0,0.0
3169,3169.0,3169.0,3169.0,3169.0,3169.0,3169.0,2020-10-12 00:00:00+05:30,1271.3343521647496,1288.289507305877,1205.995340255694,1222.4384765625,80405,0.0,0.0
3170,3170.0,3170.0,3170.0,3170.0,3170.0,3170.0,2020-10-13 00:00:00+05:30,1226.8297589359115,1243.7650815281272,1211.075925755354,1220.0753173828125,55175,0.0,0.0
3171,3171.0,3171.0,3171.0,3171.0,3171.0,3171.0,2020-10-14 00:00:00+05:30,1220.075394257704,1255.5805355255557,1196.1099076755745,1252.0162353515625,82342,0.0,0.0
3172,3172.0,3172.0,3172.0,3172.0,3172.0,3172.0,2020-10-15 00:00:00+05:30,1257.0180059364875,1257.0180059364875,1215.3293406485147,1218.125732421875,44255,0.0,0.0
3173,3173.0,3173.0,3173.0,3173.0,3173.0,3173.0,2020-10-16 00:00:00+05:30,1222.8913661882862,1236.6759709601347,1204.3805631320604,1219.64208984375,41190,0.0,0.0
3174,3174.0,3174.0,3174.0,3174.0,3174.0,3174.0,2020-10-19 00:00:00+05:30,1220.922069990529,1228.7989865711131,1189.532552609213,1209.1461181640625,50272,0.0,0.0
3175,3175.0,3175.0,3175.0,3175.0,3175.0,3175.0,2020-10-20 00:00:00+05:30,1209.894469298726,1220.5085233471527,1205.1682711389433,1214.6402587890625,26597,0.0,0.0
3176,3176.0,3176.0,3176.0,3176.0,3176.0,3176.0,2020-10-21 00:00:00+05:30,1224.821178572758,1229.2126415600749,1201.2298504628811,1215.4083251953125,33940,0.0,0.0
3177,3177.0,3177.0,3177.0,3177.0,3177.0,3177.0,2020-10-22 00:00:00+05:30,1215.40822886546,1216.9835881126012,1183.50669329397,1194.7313232421875,42525,0.0,0.0
3178,3178.0,3178.0,3178.0,3178.0,3178.0,3178.0,2020-10-23 00:00:00+05:30,1193.7467629466412,1213.0254735110168,1176.811319741557,1178.0716552734375,82000,0.0,0.0
3179,3179.0,3179.0,3179.0,3179.0,3179.0,3179.0,2020-10-26 00:00:00+05:30,1185.4759636155495,1189.0205520929014,1146.4852499802575,1150.916015625,75220,0.0,0.0
3180,3180.0,3180.0,3180.0,3180.0,3180.0,3180.0,2020-10-27 00:00:00+05:30,1151.6051906885243,1161.4513365052735,1131.9720336221876,1139.9473876953125,59130,0.0,0.0
3181,3181.0,3181.0,3181.0,3181.0,3181.0,3181.0,2020-10-28 00:00:00+05:30,1139.3959999210058,1195.716028781478,1122.4606763892125,1185.9486083984375,124720,0.0,0.0
3182,3182.0,3182.0,3182.0,3182.0,3182.0,3182.0,2020-10-29 00:00:00+05:30,1193.3132762648129,1193.352699303849,1148.5527423580363,1166.6302490234375,61610,0.0,0.0
3183,3183.0,3183.0,3183.0,3183.0,3183.0,3183.0,2020-10-30 00:00:00+05:30,1172.0852098741482,1185.4759440072164,1164.2082933026716,1168.796630859375,43022,0.0,0.0
3184,3184.0,3184.0,3184.0,3184.0,3184.0,3184.0,2020-11-02 00:00:00+05:30,1173.6605158358625,1173.6605158358625,1134.275934767545,1138.037109375,55022,0.0,0.0
3185,3185.0,3185.0,3185.0,3185.0,3185.0,3185.0,2020-11-03 00:00:00+05:30,1146.0912866060962,1152.8654392246517,1120.4913094138635,1134.059326171875,55860,0.0,0.0
3186,3186.0,3186.0,3186.0,3186.0,3186.0,3186.0,2020-11-04 00:00:00+05:30,1136.225522911153,1189.020552306526,1134.2760052578697,1183.664306640625,71145,0.0,0.0
3187,3187.0,3187.0,3187.0,3187.0,3187.0,3187.0,2020-11-05 00:00:00+05:30,1194.2586687265696,1250.027248715298,1183.6839185577785,1244.552734375,161370,0.0,0.0
3188,3188.0,3188.0,3188.0,3188.0,3188.0,3188.0,2020-11-06 00:00:00+05:30,1256.3682278453246,1313.6727494084068,1250.9134245074351,1298.6279296875,247330,0.0,0.0
3189,3189.0,3189.0,3189.0,3189.0,3189.0,3189.0,2020-11-09 00:00:00+05:30,1313.4758081814175,1318.5957557586155,1265.0328204543075,1287.678955078125,93840,0.0,0.0
3190,3190.0,3190.0,3190.0,3190.0,3190.0,3190.0,2020-11-10 00:00:00+05:30,1297.3280623851529,1316.6264828624246,1270.1527257790187,1294.47265625,153095,0.0,0.0
3191,3191.0,3191.0,3191.0,3191.0,3191.0,3191.0,2020-11-11 00:00:00+05:30,1304.062890241245,1305.5202207962975,1272.909790374336,1294.27587890625,69257,0.0,0.0
3192,3192.0,3192.0,3192.0,3192.0,3192.0,3192.0,2020-11-12 00:00:00+05:30,1299.6912230387763,1339.075805555103,1289.313347084218,1327.693603515625,193270,0.0,0.0
3193,3193.0,3193.0,3193.0,3193.0,3193.0,3193.0,2020-11-13 00:00:00+05:30,1334.3890431141117,1341.0450472370674,1315.149635913242,1326.8272705078125,82192,0.0,0.0
3194,3194.0,3194.0,3194.0,3194.0,3194.0,3194.0,2020-11-14 00:00:00+05:30,1341.044961308442,1341.044961308442,1327.2603581819235,1334.7041015625,16087,0.0,0.0
3195,3195.0,3195.0,3195.0,3195.0,3195.0,3195.0,2020-11-17 00:00:00+05:30,1339.0757438639464,1339.0757438639464,1289.8450179865954,1303.0191650390625,86340,0.0,0.0
3196,3196.0,3196.0,3196.0,3196.0,3196.0,3196.0,2020-11-18 00:00:00+05:30,1311.5065985602805,1315.4450568142154,1279.1718899492942,1301.601318359375,67587,0.0,0.0
3197,3197.0,3197.0,3197.0,3197.0,3197.0,3197.0,2020-11-19 00:00:00+05:30,1299.6914234152434,1358.7683062977546,1286.202249900627,1322.1602783203125,164215,0.0,0.0
3198,3198.0,3198.0,3198.0,3198.0,3198.0,3198.0,2020-11-20 00:00:00+05:30,1334.7237237982197,1356.7988248711952,1323.8142380546603,1348.705322265625,89317,0.0,0.0
3199,3199.0,3199.0,3199.0,3199.0,3199.0,3199.0,2020-11-23 00:00:00+05:30,1358.768191440498,1492.4984978033494,1353.274085066045,1475.5828857421875,413645,0.0,0.0
3200,3200.0,3200.0,3200.0,3200.0,3200.0,3200.0,2020-11-24 00:00:00+05:30,1495.4326474262746,1508.4295115902476,1433.618516270983,1468.63134765625,211270,0.0,0.0
3201,3201.0,3201.0,3201.0,3201.0,3201.0,3201.0,2020-11-25 00:00:00+05:30,1480.8603364975036,1484.4049249666357,1439.5065239091423,1446.1033935546875,105135,0.0,0.0
3202,3202.0,3202.0,3202.0,3202.0,3202.0,3202.0,2020-11-26 00:00:00+05:30,1464.3187230107742,1464.3187230107742,1428.0061332933813,1450.0615234375,68295,0.0,0.0
3203,3203.0,3203.0,3203.0,3203.0,3203.0,3203.0,2020-11-27 00:00:00+05:30,1456.441838792668,1610.790029982998,1446.595692991765,1581.291015625,487292,0.0,0.0
3204,3204.0,3204.0,3204.0,3204.0,3204.0,3204.0,2020-12-01 00:00:00+05:30,1582.0787701833704,1595.075634685404,1539.9569292064734,1562.42578125,125010,0.0,0.0
3205,3205.0,3205.0,3205.0,3205.0,3205.0,3205.0,2020-12-02 00:00:00+05:30,1573.3746090740262,1643.1640923525888,1562.583272196356,1621.089111328125,179635,0.0,0.0
3206,3206.0,3206.0,3206.0,3206.0,3206.0,3206.0,2020-12-03 00:00:00+05:30,1634.4602361652928,1636.3113164211686,1571.051031880438,1583.91015625,113345,0.0,0.0
3207,3207.0,3207.0,3207.0,3207.0,3207.0,3207.0,2020-12-04 00:00:00+05:30,1583.9101860262354,1613.5076389616866,1555.691097403066,1561.8350830078125,71765,0.0,0.0
3208,3208.0,3208.0,3208.0,3208.0,3208.0,3208.0,2020-12-07 00:00:00+05:30,1569.4757055195314,1581.2910809688628,1523.3956931902528,1534.797607421875,83960,0.0,0.0
3209,3209.0,3209.0,3209.0,3209.0,3209.0,3209.0,2020-12-08 00:00:00+05:30,1559.6096932108228,1559.6096932108228,1527.373423336977,1536.94384765625,59530,0.0,0.0
3210,3210.0,3210.0,3210.0,3210.0,3210.0,3210.0,2020-12-09 00:00:00+05:30,1551.358636425219,1551.7525062774355,1524.1832993131156,1529.0079345703125,63762,0.0,0.0
3211,3211.0,3211.0,3211.0,3211.0,3211.0,3211.0,2020-12-10 00:00:00+05:30,1528.9095406039787,1529.953169540197,1477.3157134946848,1511.32421875,70570,0.0,0.0
3212,3212.0,3212.0,3212.0,3212.0,3212.0,3212.0,2020-12-11 00:00:00+05:30,1532.0602217753867,1555.690970697372,1513.2343966085598,1525.266357421875,46520,0.0,0.0
3213,3213.0,3213.0,3213.0,3213.0,3213.0,3213.0,2020-12-14 00:00:00+05:30,1528.1219105904092,1563.4695999575868,1512.2302159889095,1523.0806884765625,61137,0.0,0.0
3214,3214.0,3214.0,3214.0,3214.0,3214.0,3214.0,2020-12-15 00:00:00+05:30,1527.0976326394616,1530.2287595646876,1496.594295335739,1499.4102783203125,49517,0.0,0.0
3215,3215.0,3215.0,3215.0,3215.0,3215.0,3215.0,2020-12-16 00:00:00+05:30,1496.6142383755134,1531.9816391726376,1495.0388790051402,1503.1126708984375,65617,0.0,0.0
3216,3216.0,3216.0,3216.0,3216.0,3216.0,3216.0,2020-12-17 00:00:00+05:30,1515.1250037870898,1528.1218685093825,1506.8542170582614,1515.164306640625,34155,0.0,0.0
3217,3217.0,3217.0,3217.0,3217.0,3217.0,3217.0,2020-12-18 00:00:00+05:30,1519.4570961778293,1524.1635824821865,1498.3470183252316,1518.5316162109375,28982,0.0,0.0
3218,3218.0,3218.0,3218.0,3218.0,3218.0,3218.0,2020-12-21 00:00:00+05:30,1521.8202761641612,1522.1747229911432,1429.266505318506,1451.7747802734375,104330,0.0,0.0
3219,3219.0,3219.0,3219.0,3219.0,3219.0,3219.0,2020-12-22 00:00:00+05:30,1453.6849648880157,1491.1593326567854,1367.9446518168174,1462.920654296875,175940,0.0,0.0
3220,3220.0,3220.0,3220.0,3220.0,3220.0,3220.0,2020-12-23 00:00:00+05:30,1472.9832987424518,1545.155589999694,1467.07561171541,1540.0355224609375,124517,0.0,0.0
3221,3221.0,3221.0,3221.0,3221.0,3221.0,3221.0,2020-12-24 00:00:00+05:30,1558.4481554714696,1583.26039720147,1532.0998571563955,1550.1773681640625,76555,0.0,0.0
3222,3222.0,3222.0,3222.0,3222.0,3222.0,3222.0,2020-12-28 00:00:00+05:30,1557.9359945907574,1557.9359945907574,1527.3340963621947,1533.4190673828125,44665,0.0,0.0
3223,3223.0,3223.0,3223.0,3223.0,3223.0,3223.0,2020-12-29 00:00:00+05:30,1534.029521470487,1547.1839578862189,1512.3680006281566,1521.5445556640625,39022,0.0,0.0
3224,3224.0,3224.0,3224.0,3224.0,3224.0,3224.0,2020-12-30 00:00:00+05:30,1521.5446143438312,1542.6942373797267,1497.0671092710656,1514.8690185546875,42685,0.0,0.0
3225,3225.0,3225.0,3225.0,3225.0,3225.0,3225.0,2020-12-31 00:00:00+05:30,1516.306418018196,1530.0910218183617,1501.5963342265643,1508.4097900390625,29337,0.0,0.0
3226,3226.0,3226.0,3226.0,3226.0,3226.0,3226.0,2021-01-01 00:00:00+05:30,1508.4097268500925,1534.8171554743794,1504.5501148707417,1528.318603515625,33432,0.0,0.0
3227,3227.0,3227.0,3227.0,3227.0,3227.0,3227.0,2021-01-04 00:00:00+05:30,1551.7527280921802,1821.537149092978,1528.1219758877307,1751.55078125,913227,0.0,0.0
3228,3228.0,3228.0,3228.0,3228.0,3228.0,3228.0,2021-01-05 00:00:00+05:30,1803.8138543053117,2067.690553515914,1799.422511876969,2025.4898681640625,2567827,0.0,0.0
3229,3229.0,3229.0,3229.0,3229.0,3229.0,3229.0,2021-01-06 00:00:00+05:30,2047.9983593949285,2209.4751531164516,1950.3246395622089,2006.7626953125,2649682,0.0,0.0
3230,3230.0,3230.0,3230.0,3230.0,3230.0,3230.0,2021-01-07 00:00:00+05:30,2023.855493067306,2065.7213229033255,1864.879666516433,1888.825439453125,470232,0.0,0.0
3231,3231.0,3231.0,3231.0,3231.0,3231.0,3231.0,2021-01-08 00:00:00+05:30,1902.2754208596805,1935.634168554908,1847.3142863775936,1902.51171875,151470,0.0,0.0
3232,3232.0,3232.0,3232.0,3232.0,3232.0,3232.0,2021-01-11 00:00:00+05:30,1919.6045029903885,1963.321413056774,1874.7061035406707,1910.191650390625,71645,0.0,0.0
3233,3233.0,3233.0,3233.0,3233.0,3233.0,3233.0,2021-01-12 00:00:00+05:30,1916.0599580951143,1933.783020400208,1889.2784897998563,1894.3984375,66857,0.0,0.0
3234,3234.0,3234.0,3234.0,3234.0,3234.0,3234.0,2021-01-13 00:00:00+05:30,1905.741163440312,1909.758347514868,1851.0753446691176,1883.0753173828125,68425,0.0,0.0
3235,3235.0,3235.0,3235.0,3235.0,3235.0,3235.0,2021-01-14 00:00:00+05:30,1884.552399497012,1916.060067618174,1853.1234572769552,1886.2261962890625,65552,0.0,0.0
3236,3236.0,3236.0,3236.0,3236.0,3236.0,3236.0,2021-01-15 00:00:00+05:30,1876.6754161933077,1931.8335449808028,1863.678551629189,1878.1129150390625,91435,0.0,0.0
3237,3237.0,3237.0,3237.0,3237.0,3237.0,3237.0,2021-01-18 00:00:00+05:30,1882.7405226905023,1882.760234211534,1835.715323887824,1845.6204833984375,60100,0.0,0.0
3238,3238.0,3238.0,3238.0,3238.0,3238.0,3238.0,2021-01-19 00:00:00+05:30,1864.859922196704,1895.4421072297375,1856.5891360957223,1874.3319091796875,73577,0.0,0.0
3239,3239.0,3239.0,3239.0,3239.0,3239.0,3239.0,2021-01-20 00:00:00+05:30,1884.3158254542668,2039.9046255242365,1864.1312285222075,1931.02587890625,430025,0.0,0.0
3240,3240.0,3240.0,3240.0,3240.0,3240.0,3240.0,2021-01-21 00:00:00+05:30,1949.536990605631,1968.0673852782263,1906.3715183664465,1921.55419921875,90827,0.0,0.0
3241,3241.0,3241.0,3241.0,3241.0,3241.0,3241.0,2021-01-22 00:00:00+05:30,1931.8136347551351,1945.578526132883,1884.5521391036332,1890.833984375,74955,0.0,0.0
3242,3242.0,3242.0,3242.0,3242.0,3242.0,3242.0,2021-01-25 00:00:00+05:30,1909.7584732572236,1912.1412838822955,1870.7677587449816,1878.3492431640625,49047,0.0,0.0
3243,3243.0,3243.0,3243.0,3243.0,3243.0,3243.0,2021-01-27 00:00:00+05:30,1879.0384824169764,1895.914790686514,1849.106175243601,1854.127685546875,55282,0.0,0.0
3244,3244.0,3244.0,3244.0,3244.0,3244.0,3244.0,2021-01-28 00:00:00+05:30,1850.6224690619233,1939.6906627594103,1841.327645213525,1911.1368408203125,130720,0.0,0.0
3245,3245.0,3245.0,3245.0,3245.0,3245.0,3245.0,2021-01-29 00:00:00+05:30,1933.3891455196456,1966.8660408980193,1853.0446206499896,1883.922119140625,83165,0.0,0.0
3246,3246.0,3246.0,3246.0,3246.0,3246.0,3246.0,2021-02-01 00:00:00+05:30,1909.7583004578416,1965.6844533147744,1894.3983379721833,1954.3416748046875,96685,0.0,0.0
3247,3247.0,3247.0,3247.0,3247.0,3247.0,3247.0,2021-02-02 00:00:00+05:30,1988.1337863361475,2043.666194959086,1979.0753799376964,2027.990966796875,263317,0.0,0.0
3248,3248.0,3248.0,3248.0,3248.0,3248.0,3248.0,2021-02-03 00:00:00+05:30,2047.998247123168,2055.8751634582572,1949.5367929345543,1976.9681396484375,155132,0.0,0.0
3249,3249.0,3249.0,3249.0,3249.0,3249.0,3249.0,2021-02-04 00:00:00+05:30,1976.9683174786192,2008.6138461244495,1951.5061975581664,1968.8551025390625,78392,0.0,0.0
3250,3250.0,3250.0,3250.0,3250.0,3250.0,3250.0,2021-02-05 00:00:00+05:30,1975.136799532151,1988.1336635957591,1940.3208432515985,1950.619873046875,47767,0.0,0.0
3251,3251.0,3251.0,3251.0,3251.0,3251.0,3251.0,2021-02-08 00:00:00+05:30,1967.2401562072284,2000.32318099546,1965.290638632124,1987.9761962890625,67547,0.0,0.0
3252,3252.0,3252.0,3252.0,3252.0,3252.0,3252.0,2021-02-09 00:00:00+05:30,2047.9588710610008,2087.4222997281154,1994.8488191455544,2004.3602294921875,228190,0.0,0.0
3253,3253.0,3253.0,3253.0,3253.0,3253.0,3253.0,2021-02-10 00:00:00+05:30,2023.579734207187,2047.99822263082,2001.1305950359783,2038.447509765625,79647,0.0,0.0
3254,3254.0,3254.0,3254.0,3254.0,3254.0,3254.0,2021-02-11 00:00:00+05:30,2046.2655393500568,2116.9214962062533,2030.7480028601628,2102.58544921875,215427,0.0,0.0
3255,3255.0,3255.0,3255.0,3255.0,3255.0,3255.0,2021-02-12 00:00:00+05:30,2126.023462206804,2162.325322355051,2089.149617703094,2107.399169921875,153822,4.0,0.0
3256,3256.0,3256.0,3256.0,3256.0,3256.0,3256.0,2021-02-15 00:00:00+05:30,2124.4451543681544,2124.4451543681544,2052.2359264805423,2061.528564453125,62340,0.0,0.0
3257,3257.0,3257.0,3257.0,3257.0,3257.0,3257.0,2021-02-16 00:00:00+05:30,2073.7805536920005,2100.0795526418756,2043.9499425423708,2051.545654296875,53515,0.0,0.0
3258,3258.0,3258.0,3258.0,3258.0,3258.0,3258.0,2021-02-17 00:00:00+05:30,2051.8417807497444,2098.166016266061,2019.8803750814343,2029.5673828125,64952,0.0,0.0
3259,3259.0,3259.0,3259.0,3259.0,3259.0,3259.0,2021-02-18 00:00:00+05:30,2029.7448990729536,2077.489577453246,2029.7448990729536,2045.330810546875,71100,0.0,0.0
3260,3260.0,3260.0,3260.0,3260.0,3260.0,3260.0,2021-02-19 00:00:00+05:30,2061.390675156186,2077.884297540378,2002.8935272412757,2016.9012451171875,50980,0.0,0.0
3261,3261.0,3261.0,3261.0,3261.0,3261.0,3261.0,2021-02-22 00:00:00+05:30,2018.3019546793812,2043.2397516218225,1976.140563754153,1987.8597412109375,64315,0.0,0.0
3262,3262.0,3262.0,3262.0,3262.0,3262.0,3262.0,2021-02-23 00:00:00+05:30,1989.6158156488311,2001.84785324977,1953.9847980673217,1967.8741455078125,46235,0.0,0.0
3263,3263.0,3263.0,3263.0,3263.0,3263.0,3263.0,2021-02-24 00:00:00+05:30,1972.904864108151,2032.1123509997528,1959.508749338848,1978.2120361328125,36075,0.0,0.0
3264,3264.0,3264.0,3264.0,3264.0,3264.0,3264.0,2021-02-25 00:00:00+05:30,1993.5616109205432,2028.995383219697,1978.05433067602,2025.02978515625,65665,0.0,0.0
3265,3265.0,3265.0,3265.0,3265.0,3265.0,3265.0,2021-02-26 00:00:00+05:30,1987.031156962747,2025.0099573840507,1984.7819939076628,1993.2064208984375,60972,0.0,0.0
3266,3266.0,3266.0,3266.0,3266.0,3266.0,3266.0,2021-03-01 00:00:00+05:30,2008.397838210407,2031.3232134841217,1995.0214714239985,2004.3336181640625,35475,0.0,0.0
3267,3267.0,3267.0,3267.0,3267.0,3267.0,3267.0,2021-03-02 00:00:00+05:30,2022.0109269981092,2109.0563487070212,2014.3954671181943,2082.777099609375,173300,0.0,0.0
3268,3268.0,3268.0,3268.0,3268.0,3268.0,3268.0,2021-03-03 00:00:00+05:30,2105.1107369510196,2105.1107369510196,2036.0583697595616,2044.581298828125,57707,0.0,0.0
3269,3269.0,3269.0,3269.0,3269.0,3269.0,3269.0,2021-03-04 00:00:00+05:30,2036.058155059621,2065.5335325172837,2023.0369010722736,2032.5660400390625,54992,0.0,0.0
3270,3270.0,3270.0,3270.0,3270.0,3270.0,3270.0,2021-03-05 00:00:00+05:30,2036.0581879604051,2058.1155909642725,2012.3830927515633,2024.0826416015625,53615,0.0,0.0
3271,3271.0,3271.0,3271.0,3271.0,3271.0,3271.0,2021-03-08 00:00:00+05:30,2028.008883087201,2051.0525091557465,2004.905891058225,2012.4227294921875,45400,0.0,0.0
3272,3272.0,3272.0,3272.0,3272.0,3272.0,3272.0,2021-03-09 00:00:00+05:30,2010.1537315387873,2033.4540872914245,1965.545934035384,1999.5986328125,35330,0.0,0.0
3273,3273.0,3273.0,3273.0,3273.0,3273.0,3273.0,2021-03-10 00:00:00+05:30,2016.368607524348,2034.8351544305765,2002.992119812704,2007.648193359375,42527,0.0,0.0
3274,3274.0,3274.0,3274.0,3274.0,3274.0,3274.0,2021-03-12 00:00:00+05:30,2014.9083974873467,2051.8414864427946,2013.0538436348131,2029.8038330078125,53312,0.0,0.0
3275,3275.0,3275.0,3275.0,3275.0,3275.0,3275.0,2021-03-15 00:00:00+05:30,2036.058166623188,2083.4083565446576,2032.15181448835,2058.72705078125,100147,0.0,0.0
3276,3276.0,3276.0,3276.0,3276.0,3276.0,3276.0,2021-03-16 00:00:00+05:30,2075.5166444185224,2089.327116387087,2052.453271832069,2062.33740234375,45225,0.0,0.0
3277,3277.0,3277.0,3277.0,3277.0,3277.0,3277.0,2021-03-17 00:00:00+05:30,2063.6791965199386,2189.9463748920953,2063.6791965199386,2103.315185546875,287035,0.0,0.0
3278,3278.0,3278.0,3278.0,3278.0,3278.0,3278.0,2021-03-18 00:00:00+05:30,2122.866872740186,2165.4819959961187,2067.6249838584713,2148.514892578125,179277,0.0,0.0
3279,3279.0,3279.0,3279.0,3279.0,3279.0,3279.0,2021-03-19 00:00:00+05:30,2149.304071295781,2149.304071295781,2031.2245841367865,2105.22900390625,104737,0.0,0.0
3280,3280.0,3280.0,3280.0,3280.0,3280.0,3280.0,2021-03-22 00:00:00+05:30,2124.445459499197,2140.070869328295,2094.851588355554,2103.197021484375,67085,0.0,0.0
3281,3281.0,3281.0,3281.0,3281.0,3281.0,3281.0,2021-03-23 00:00:00+05:30,2109.0565508616864,2363.5638427804497,2109.0565508616864,2301.752197265625,709077,0.0,0.0
3282,3282.0,3282.0,3282.0,3282.0,3282.0,3282.0,2021-03-24 00:00:00+05:30,2300.430355951262,2323.710965321696,2200.028182270242,2208.432861328125,244187,0.0,0.0
3283,3283.0,3283.0,3283.0,3283.0,3283.0,3283.0,2021-03-25 00:00:00+05:30,2208.432877048273,2220.664914769303,2108.4254321234216,2160.115966796875,198580,0.0,0.0
3284,3284.0,3284.0,3284.0,3284.0,3284.0,3284.0,2021-03-26 00:00:00+05:30,2180.082011753919,2225.4592843967603,2124.938857202602,2139.341064453125,165465,0.0,0.0
3285,3285.0,3285.0,3285.0,3285.0,3285.0,3285.0,2021-03-30 00:00:00+05:30,2154.8477973403074,2264.522844015625,2150.5074597618973,2230.96337890625,195087,0.0,0.0
3286,3286.0,3286.0,3286.0,3286.0,3286.0,3286.0,2021-03-31 00:00:00+05:30,2260.952029086433,2280.3065366057003,2229.4049814040286,2247.83203125,96552,0.0,0.0
3287,3287.0,3287.0,3287.0,3287.0,3287.0,3287.0,2021-04-01 00:00:00+05:30,2271.0926606174407,2303.58667035204,2253.0798497335236,2272.2763671875,81850,0.0,0.0
3288,3288.0,3288.0,3288.0,3288.0,3288.0,3288.0,2021-04-05 00:00:00+05:30,2268.863146131264,2272.2762669391545,2197.837865034981,2234.37646484375,76850,0.0,0.0
3289,3289.0,3289.0,3289.0,3289.0,3289.0,3289.0,2021-04-06 00:00:00+05:30,2238.8747616062988,2335.1533302397147,2221.789168439844,2311.813720703125,180887,0.0,0.0
3290,3290.0,3290.0,3290.0,3290.0,3290.0,3290.0,2021-04-07 00:00:00+05:30,2316.6080916487235,2452.582148981252,2303.9815662085753,2426.24365234375,348460,0.0,0.0
3291,3291.0,3291.0,3291.0,3291.0,3291.0,3291.0,2021-04-08 00:00:00+05:30,2416.0436063569286,2485.8851908380584,2383.293103597123,2427.01318359375,202437,0.0,0.0
3292,3292.0,3292.0,3292.0,3292.0,3292.0,3292.0,2021-04-09 00:00:00+05:30,2427.091883504398,2463.7884758029672,2403.69302532867,2422.810791015625,81585,0.0,0.0
3293,3293.0,3293.0,3293.0,3293.0,3293.0,3293.0,2021-04-12 00:00:00+05:30,2351.6868188194408,2406.968209173657,2279.931554872825,2324.75634765625,134602,0.0,0.0
3294,3294.0,3294.0,3294.0,3294.0,3294.0,3294.0,2021-04-13 00:00:00+05:30,2347.7805102361126,2420.778727781269,2336.337450070491,2361.53173828125,93827,0.0,0.0
3295,3295.0,3295.0,3295.0,3295.0,3295.0,3295.0,2021-04-15 00:00:00+05:30,2395.524790045788,2403.021999350048,2296.4840781965977,2327.7548828125,70687,0.0,0.0
3296,3296.0,3296.0,3296.0,3296.0,3296.0,3296.0,2021-04-16 00:00:00+05:30,2339.888576501661,2383.292917718387,2296.4842352849355,2308.144287109375,61577,0.0,0.0
3297,3297.0,3297.0,3297.0,3297.0,3297.0,3297.0,2021-04-19 00:00:00+05:30,2298.851663232033,2327.6565552565003,2201.7838685855877,2272.138427734375,81102,0.0,0.0
3298,3298.0,3298.0,3298.0,3298.0,3298.0,3298.0,2021-04-20 00:00:00+05:30,2294.511494040795,2318.9560606978657,2253.11957114286,2264.6611328125,51127,0.0,0.0
3299,3299.0,3299.0,3299.0,3299.0,3299.0,3299.0,2021-04-22 00:00:00+05:30,2253.0799855378564,2362.676047893635,2229.4048893675813,2344.051513671875,140432,0.0,0.0
3300,3300.0,3300.0,3300.0,3300.0,3300.0,3300.0,2021-04-23 00:00:00+05:30,2383.509608326415,2522.186537998803,2371.514314975427,2476.59228515625,503392,0.0,0.0
3301,3301.0,3301.0,3301.0,3301.0,3301.0,3301.0,2021-04-26 00:00:00+05:30,2525.0475994863987,2762.0747990622044,2521.3977370013513,2675.26611328125,571267,0.0,0.0
3302,3302.0,3302.0,3302.0,3302.0,3302.0,3302.0,2021-04-27 00:00:00+05:30,2765.82321902853,3210.303466796875,2765.82321902853,3210.303466796875,2073152,0.0,0.0
3303,3303.0,3303.0,3303.0,3303.0,3303.0,3303.0,2021-04-28 00:00:00+05:30,3294.784415698118,3331.757007179887,2939.6579517306564,2992.86767578125,873130,0.0,0.0
3304,3304.0,3304.0,3304.0,3304.0,3304.0,3304.0,2021-04-29 00:00:00+05:30,2983.0620631279894,3275.054910577025,2967.791645643105,3218.570068359375,698100,0.0,0.0
3305,3305.0,3305.0,3305.0,3305.0,3305.0,3305.0,2021-04-30 00:00:00+05:30,3213.894343046591,3410.792324854132,3121.640364614089,3342.80517578125,472742,0.0,0.0
3306,3306.0,3306.0,3306.0,3306.0,3306.0,3306.0,2021-05-03 00:00:00+05:30,3369.755426217445,3472.3475117931516,3275.055039532177,3328.166259765625,297682,0.0,0.0
3307,3307.0,3307.0,3307.0,3307.0,3307.0,3307.0,2021-05-04 00:00:00+05:30,3328.3239668101737,3402.782125674579,3140.9158689416886,3161.0791015625,241830,0.0,0.0
3308,3308.0,3308.0,3308.0,3308.0,3308.0,3308.0,2021-05-05 00:00:00+05:30,3213.4999443650827,3235.2021167179437,3038.3041294004997,3084.5888671875,231665,0.0,0.0
3309,3309.0,3309.0,3309.0,3309.0,3309.0,3309.0,2021-05-06 00:00:00+05:30,3107.3562926924537,3255.325639963523,3085.6738702725083,3211.132080078125,178730,0.0,0.0
3310,3310.0,3310.0,3310.0,3310.0,3310.0,3310.0,2021-05-07 00:00:00+05:30,3244.277619611794,3287.6819656175,3167.5505445223503,3226.383056640625,167557,0.0,0.0
3311,3311.0,3311.0,3311.0,3311.0,3311.0,3311.0,2021-05-10 00:00:00+05:30,3251.69550743726,3293.9948956669473,3239.5422243504513,3268.1298828125,142940,0.0,0.0
3312,3312.0,3312.0,3312.0,3312.0,3312.0,3312.0,2021-05-11 00:00:00+05:30,3293.7978356478,3594.96484375,3284.8209317950477,3594.96484375,403985,0.0,2.5
3313,3313.0,3313.0,3313.0,3313.0,3313.0,3313.0,2021-05-12 00:00:00+05:30,3683.450589946921,3916.2557156104112,3649.910868453028,3856.328125,404953,0.0,0.0
3314,3314.0,3314.0,3314.0,3314.0,3314.0,3314.0,2021-05-14 00:00:00+05:30,3774.007862797995,3774.007862797995,3501.941487254861,3639.109130859375,278281,0.0,0.0
3315,3315.0,3315.0,3315.0,3315.0,3315.0,3315.0,2021-05-17 00:00:00+05:30,3640.04605535478,3649.910678811026,3420.360939151288,3450.842529296875,219947,0.0,0.0
3316,3316.0,3316.0,3316.0,3316.0,3316.0,3316.0,2021-05-18 00:00:00+05:30,3452.618237104721,3545.542942633404,3450.891927986169,3509.142578125,140998,0.0,0.0
3317,3317.0,3317.0,3317.0,3317.0,3317.0,3317.0,2021-05-19 00:00:00+05:30,3536.4673495772113,3582.5350908732185,3512.249651917186,3539.2294921875,100173,0.0,0.0
3318,3318.0,3318.0,3318.0,3318.0,3318.0,3318.0,2021-05-20 00:00:00+05:30,3576.9618498707973,3594.668800873746,3483.198555402085,3521.07861328125,71624,0.0,0.0
3319,3319.0,3319.0,3319.0,3319.0,3319.0,3319.0,2021-05-21 00:00:00+05:30,3547.3184034750852,3615.3843016507753,3511.805760948638,3559.205322265625,134814,0.0,0.0
3320,3320.0,3320.0,3320.0,3320.0,3320.0,3320.0,2021-05-24 00:00:00+05:30,3600.587721768901,3625.742512701807,3504.9502412714905,3522.90380859375,95548,0.0,0.0
3321,3321.0,3321.0,3321.0,3321.0,3321.0,3321.0,2021-05-25 00:00:00+05:30,3561.129354917373,3600.5878519247676,3531.5848534501965,3556.394287109375,69084,0.0,0.0
3322,3322.0,3322.0,3322.0,3322.0,3322.0,3322.0,2021-05-26 00:00:00+05:30,3569.4153493702224,3579.871946844298,3497.009107622771,3531.634033203125,58456,0.0,0.0
3323,3323.0,3323.0,3323.0,3323.0,3323.0,3323.0,2021-05-27 00:00:00+05:30,3551.264332846425,3876.796896690681,3502.0399596781253,3812.380859375,428749,0.0,0.0
3324,3324.0,3324.0,3324.0,3324.0,3324.0,3324.0,2021-05-28 00:00:00+05:30,3847.2033754138392,3926.0709964427137,3728.827886939567,3743.131591796875,166040,0.0,0.0
3325,3325.0,3325.0,3325.0,3325.0,3325.0,3325.0,2021-05-31 00:00:00+05:30,3768.286078143505,3788.015324625931,3595.655171422271,3618.29443359375,122404,0.0,0.0
3326,3326.0,3326.0,3326.0,3326.0,3326.0,3326.0,2021-06-01 00:00:00+05:30,3644.781184957377,3659.77536469955,3533.16282414453,3549.439453125,107780,0.0,0.0
3327,3327.0,3327.0,3327.0,3327.0,3327.0,3327.0,2021-06-02 00:00:00+05:30,3549.6857985282045,3600.5873488905636,3516.738054464345,3533.853271484375,81664,0.0,0.0
3328,3328.0,3328.0,3328.0,3328.0,3328.0,3328.0,2021-06-03 00:00:00+05:30,3551.2645443566776,3593.041322205756,3526.602985020867,3543.767333984375,56599,0.0,0.0
3329,3329.0,3329.0,3329.0,3329.0,3329.0,3329.0,2021-06-04 00:00:00+05:30,3570.9938381130505,3573.854482698868,3519.5990514568193,3544.162109375,51997,0.0,0.0
3330,3330.0,3330.0,3330.0,3330.0,3330.0,3330.0,2021-06-07 00:00:00+05:30,3600.587357196069,3657.7527987137632,3544.9509803944256,3579.37841796875,125380,0.0,0.0
3331,3331.0,3331.0,3331.0,3331.0,3331.0,3331.0,2021-06-08 00:00:00+05:30,3578.885359747353,3602.954944443414,3541.3997909297127,3563.39794921875,76855,0.0,0.0
3332,3332.0,3332.0,3332.0,3332.0,3332.0,3332.0,2021-06-09 00:00:00+05:30,3580.858351321156,3600.587598435873,3551.2644806490803,3552.49755859375,76334,0.0,0.0
3333,3333.0,3333.0,3333.0,3333.0,3333.0,3333.0,2021-06-10 00:00:00+05:30,3567.8867314009044,3575.8275612831026,3531.5354945708905,3545.543212890625,46926,0.0,0.0
3334,3334.0,3334.0,3334.0,3334.0,3334.0,3334.0,2021-06-11 00:00:00+05:30,3561.6716453293516,3570.894923695315,3536.566226975352,3548.650390625,46199,0.0,0.0
3335,3335.0,3335.0,3335.0,3335.0,3335.0,3335.0,2021-06-14 00:00:00+05:30,3536.960949792997,3571.9309938501688,3474.3205871345517,3516.787841796875,58667,0.0,0.0
3336,3336.0,3336.0,3336.0,3336.0,3336.0,3336.0,2021-06-15 00:00:00+05:30,3540.413528398274,3647.494069323152,3523.8409120291335,3541.10400390625,104584,0.0,0.0
3337,3337.0,3337.0,3337.0,3337.0,3337.0,3337.0,2021-06-16 00:00:00+05:30,3559.0081933967913,3565.074840357599,3506.8735632183907,3513.1376953125,44804,0.0,0.0
3338,3338.0,3338.0,3338.0,3338.0,3338.0,3338.0,2021-06-17 00:00:00+05:30,3501.941395505642,3560.142675036581,3492.323387447563,3541.84375,46212,0.0,0.0
3339,3339.0,3339.0,3339.0,3339.0,3339.0,3339.0,2021-06-18 00:00:00+05:30,3521.8185042246096,3546.9732944474995,3413.209142704749,3480.9296875,72029,0.0,0.0
3340,3340.0,3340.0,3340.0,3340.0,3340.0,3340.0,2021-06-21 00:00:00+05:30,3429.8308212977913,3569.020754117919,3418.0920157596984,3504.407470703125,67195,0.0,0.0
3341,3341.0,3341.0,3341.0,3341.0,3341.0,3341.0,2021-06-22 00:00:00+05:30,3528.723892382731,3563.1022034987695,3516.6890992201934,3546.92431640625,44612,0.0,0.0
3342,3342.0,3342.0,3342.0,3342.0,3342.0,3342.0,2021-06-23 00:00:00+05:30,3565.0746812100674,3579.2796417130007,3482.211849660083,3503.51953125,32828,0.0,0.0
3343,3343.0,3343.0,3343.0,3343.0,3343.0,3343.0,2021-06-24 00:00:00+05:30,3524.0380206302557,3535.185093408744,3475.0108897543846,3494.39501953125,37155,0.0,0.0
3344,3344.0,3344.0,3344.0,3344.0,3344.0,3344.0,2021-06-25 00:00:00+05:30,3510.622174860161,3630.181360635732,3483.5929626193274,3559.748046875,103078,0.0,0.0
3345,3345.0,3345.0,3345.0,3345.0,3345.0,3345.0,2021-06-28 00:00:00+05:30,3588.7497764924105,3615.3842580661585,3497.0087844050563,3557.7255859375,38798,0.0,0.0
3346,3346.0,3346.0,3346.0,3346.0,3346.0,3346.0,2021-06-29 00:00:00+05:30,3578.786625222798,3589.1444797877944,3533.5081001728863,3545.39501953125,29298,0.0,0.0
3347,3347.0,3347.0,3347.0,3347.0,3347.0,3347.0,2021-06-30 00:00:00+05:30,3551.4123686152034,3598.5653175849393,3531.5352483976826,3547.713134765625,51291,0.0,0.0
3348,3348.0,3348.0,3348.0,3348.0,3348.0,3348.0,2021-07-01 00:00:00+05:30,3541.399805504928,3772.725224555319,3541.399805504928,3653.36328125,196356,0.0,0.0
3349,3349.0,3349.0,3349.0,3349.0,3349.0,3349.0,2021-07-02 00:00:00+05:30,3689.368940080915,3747.570214804117,3586.875605165281,3645.964599609375,126551,0.0,0.0
3350,3350.0,3350.0,3350.0,3350.0,3350.0,3350.0,2021-07-05 00:00:00+05:30,3687.396456904888,3734.006805377,3621.895449777768,3682.217529296875,87941,0.0,0.0
3351,3351.0,3351.0,3351.0,3351.0,3351.0,3351.0,2021-07-06 00:00:00+05:30,3694.3014782840896,3717.7299589541153,3635.113737644024,3664.41162109375,51916,0.0,0.0
3352,3352.0,3352.0,3352.0,3352.0,3352.0,3352.0,2021-07-07 00:00:00+05:30,3663.721098536593,3679.307251538615,3591.7093483499557,3603.744140625,56359,0.0,0.0
3353,3353.0,3353.0,3353.0,3353.0,3353.0,3353.0,2021-07-08 00:00:00+05:30,3630.181190206849,3664.707370005012,3586.826221170259,3615.18701171875,44362,0.0,0.0
3354,3354.0,3354.0,3354.0,3354.0,3354.0,3354.0,2021-07-09 00:00:00+05:30,3600.587535425647,3648.924190010813,3576.9124393023003,3630.822509765625,33344,0.0,0.0
3355,3355.0,3355.0,3355.0,3355.0,3355.0,3355.0,2021-07-12 00:00:00+05:30,3660.8105571513056,3753.5905176952942,3645.989461778224,3693.071044921875,130861,6.0,0.0
3356,3356.0,3356.0,3356.0,3356.0,3356.0,3356.0,2021-07-13 00:00:00+05:30,3754.677259985398,3848.4452876972177,3715.8953961816014,3762.38427734375,199146,0.0,0.0
3357,3357.0,3357.0,3357.0,3357.0,3357.0,3357.0,2021-07-14 00:00:00+05:30,3774.439029083626,3828.783046518076,3715.1546464278617,3730.716796875,78269,0.0,0.0
3358,3358.0,3358.0,3358.0,3358.0,3358.0,3358.0,2021-07-15 00:00:00+05:30,3730.963748781939,3764.311213432731,3705.372753882172,3719.7490234375,40042,0.0,0.0
3359,3359.0,3359.0,3359.0,3359.0,3359.0,3359.0,2021-07-16 00:00:00+05:30,3720.144558095323,3774.439125011713,3707.349060092675,3720.045654296875,47178,0.0,0.0
3360,3360.0,3360.0,3360.0,3360.0,3360.0,3360.0,2021-07-19 00:00:00+05:30,3705.3230935538486,3729.975465937273,3634.1323877396794,3648.558349609375,59623,0.0,0.0
3361,3361.0,3361.0,3361.0,3361.0,3361.0,3361.0,2021-07-20 00:00:00+05:30,3648.9539021039536,3650.1395415599377,3543.2795339321583,3601.427490234375,67909,0.0,0.0
3362,3362.0,3362.0,3362.0,3362.0,3362.0,3362.0,2021-07-22 00:00:00+05:30,3630.5757211759046,3883.127303351011,3616.5451313281287,3804.822509765625,227488,0.0,0.0
3363,3363.0,3363.0,3363.0,3363.0,3363.0,3363.0,2021-07-23 00:00:00+05:30,3828.782817731915,4075.8010640372,3828.782817731915,3976.5986328125,274857,0.0,0.0
3364,3364.0,3364.0,3364.0,3364.0,3364.0,3364.0,2021-07-26 00:00:00+05:30,4050.852539699581,4439.3630610221035,4026.397731392351,4354.43798828125,664768,0.0,0.0
3365,3365.0,3365.0,3365.0,3365.0,3365.0,3365.0,2021-07-27 00:00:00+05:30,4417.279316094963,4692.358746901271,4397.912988514962,4567.515625,464047,0.0,0.0
3366,3366.0,3366.0,3366.0,3366.0,3366.0,3366.0,2021-07-28 00:00:00+05:30,4593.551616068196,4601.258392886282,4090.622432893597,4457.54345703125,434935,0.0,0.0
3367,3367.0,3367.0,3367.0,3367.0,3367.0,3367.0,2021-07-29 00:00:00+05:30,4474.390187458903,4546.717332298034,4219.072191605927,4239.1298828125,146737,0.0,0.0
3368,3368.0,3368.0,3368.0,3368.0,3368.0,3368.0,2021-07-30 00:00:00+05:30,4239.129689356169,4434.916753686314,4128.16927683685,4334.13330078125,133905,0.0,0.0
3369,3369.0,3369.0,3369.0,3369.0,3369.0,3369.0,2021-08-02 00:00:00+05:30,4365.751392772781,4428.395125240905,4332.700157538989,4361.25537109375,72874,0.0,0.0
3370,3370.0,3370.0,3370.0,3370.0,3370.0,3370.0,2021-08-03 00:00:00+05:30,4446.328616450913,4540.195553909321,4159.787438946298,4226.68017578125,359230,0.0,0.0
3371,3371.0,3371.0,3371.0,3371.0,3371.0,3371.0,2021-08-04 00:00:00+05:30,4225.988637474303,4225.988637474303,4128.762341184083,4156.2802734375,108095,0.0,0.0
3372,3372.0,3372.0,3372.0,3372.0,3372.0,3372.0,2021-08-05 00:00:00+05:30,4169.569129510729,4184.4891282067,4059.69570208876,4156.52685546875,56299,0.0,0.0
3373,3373.0,3373.0,3373.0,3373.0,3373.0,3373.0,2021-08-06 00:00:00+05:30,4167.692284520072,4224.0124505271,4100.503314546775,4208.9443359375,52151,0.0,0.0
3374,3374.0,3374.0,3374.0,3374.0,3374.0,3374.0,2021-08-09 00:00:00+05:30,4228.952795946755,4243.773892194233,4177.5729956221685,4235.2763671875,49266,0.0,0.0
3375,3375.0,3375.0,3375.0,3375.0,3375.0,3375.0,2021-08-10 00:00:00+05:30,4248.7141962558535,4253.654561600338,3975.857914771538,4114.92919921875,76377,0.0,0.0
3376,3376.0,3376.0,3376.0,3376.0,3376.0,3376.0,2021-08-11 00:00:00+05:30,4134.492908225749,4181.52528342497,3976.9941554313577,4151.33984375,101784,0.0,0.0
3377,3377.0,3377.0,3377.0,3377.0,3377.0,3377.0,2021-08-12 00:00:00+05:30,4177.374939054694,4223.0241057592975,4130.145241477273,4184.4892578125,44644,0.0,0.0
3378,3378.0,3378.0,3378.0,3378.0,3378.0,3378.0,2021-08-13 00:00:00+05:30,4206.226982179199,4243.773758153548,4183.155379924503,4220.2578125,38646,0.0,0.0
3379,3379.0,3379.0,3379.0,3379.0,3379.0,3379.0,2021-08-16 00:00:00+05:30,4221.047987938597,4236.264216122711,4159.787460023757,4224.01220703125,37936,0.0,0.0
3380,3380.0,3380.0,3380.0,3380.0,3380.0,3380.0,2021-08-17 00:00:00+05:30,4241.5013889853035,4241.5013889853035,4168.532097505846,4200.841796875,33376,0.0,0.0
3381,3381.0,3381.0,3381.0,3381.0,3381.0,3381.0,2021-08-18 00:00:00+05:30,4200.841646397006,4223.370000680326,4125.204849857481,4144.521484375,39735,0.0,0.0
3382,3382.0,3382.0,3382.0,3382.0,3382.0,3382.0,2021-08-20 00:00:00+05:30,4120.264567490817,4132.566269794039,4036.2783592805727,4049.91357421875,55411,0.0,0.0
3383,3383.0,3383.0,3383.0,3383.0,3383.0,3383.0,2021-08-23 00:00:00+05:30,4049.123177146618,4071.6510486923903,3927.5901974518815,3948.73486328125,86635,0.0,0.0
3384,3384.0,3384.0,3384.0,3384.0,3384.0,3384.0,2021-08-24 00:00:00+05:30,3952.292160347551,3967.360274208876,3858.9687099570983,3909.06396484375,86003,0.0,0.0
3385,3385.0,3385.0,3385.0,3385.0,3385.0,3385.0,2021-08-25 00:00:00+05:30,3918.6480034082306,3957.232301686657,3880.804759867948,3894.341552734375,84207,0.0,0.0
3386,3386.0,3386.0,3386.0,3386.0,3386.0,3386.0,2021-08-26 00:00:00+05:30,3912.769335948135,3937.4711625639698,3879.817002751102,3907.433837890625,139580,0.0,0.0
3387,3387.0,3387.0,3387.0,3387.0,3387.0,3387.0,2021-08-27 00:00:00+05:30,3922.650305174333,4208.154227547825,3917.709939550688,4185.57666015625,291797,0.0,0.0
3388,3388.0,3388.0,3388.0,3388.0,3388.0,3388.0,2021-08-30 00:00:00+05:30,4246.737794906263,4383.338888472059,4243.77357587771,4295.400390625,208173,0.0,0.0
3389,3389.0,3389.0,3389.0,3389.0,3389.0,3389.0,2021-08-31 00:00:00+05:30,4326.7715595101745,4326.7715595101745,4179.44978237858,4226.13623046875,146119,0.0,0.0
3390,3390.0,3390.0,3390.0,3390.0,3390.0,3390.0,2021-09-01 00:00:00+05:30,4238.833006828828,4245.749517562581,4125.649442018765,4152.6728515625,132596,0.0,0.0
3391,3391.0,3391.0,3391.0,3391.0,3391.0,3391.0,2021-09-02 00:00:00+05:30,4159.787496059478,4159.836706728435,4057.4230326815664,4074.02294921875,170461,0.0,0.0
3392,3392.0,3392.0,3392.0,3392.0,3392.0,3392.0,2021-09-03 00:00:00+05:30,4051.099411353785,4148.819737248348,4026.397585674798,4082.371826171875,174032,0.0,0.0
3393,3393.0,3393.0,3393.0,3393.0,3393.0,3393.0,2021-09-06 00:00:00+05:30,4110.38385217479,4110.38385217479,4032.326081905124,4042.552734375,102979,0.0,0.0
3394,3394.0,3394.0,3394.0,3394.0,3394.0,3394.0,2021-09-07 00:00:00+05:30,4067.896794053245,4084.6940360981575,3997.3976846261753,4015.1337890625,111929,0.0,0.0
3395,3395.0,3395.0,3395.0,3395.0,3395.0,3395.0,2021-09-08 00:00:00+05:30,4041.2185039169335,4041.2185039169335,3963.852341036293,3974.029541015625,141635,0.0,0.0
3396,3396.0,3396.0,3396.0,3396.0,3396.0,3396.0,2021-09-09 00:00:00+05:30,3967.1131533520775,4125.20483567744,3967.1131533520775,4091.16552734375,226626,0.0,0.0
3397,3397.0,3397.0,3397.0,3397.0,3397.0,3397.0,2021-09-13 00:00:00+05:30,4117.893233889538,4120.264512657115,4062.166011792589,4074.6650390625,160927,0.0,0.0
3398,3398.0,3398.0,3398.0,3398.0,3398.0,3398.0,2021-09-14 00:00:00+05:30,4100.503023335382,4135.085578953873,4031.3379120984,4044.182861328125,165657,0.0,0.0
3399,3399.0,3399.0,3399.0,3399.0,3399.0,3399.0,2021-09-15 00:00:00+05:30,4075.801370676646,4115.324293058965,4036.228996395594,4043.1455078125,157292,0.0,0.0
3400,3400.0,3400.0,3400.0,3400.0,3400.0,3400.0,2021-09-16 00:00:00+05:30,4060.831972092796,4065.920451622155,3987.319195131799,4000.3125,137395,0.0,0.0
3401,3401.0,3401.0,3401.0,3401.0,3401.0,3401.0,2021-09-17 00:00:00+05:30,4031.338140808917,4031.338140808917,3831.796831815369,3906.44580078125,620483,0.0,0.0
3402,3402.0,3402.0,3402.0,3402.0,3402.0,3402.0,2021-09-20 00:00:00+05:30,3818.9021039275954,3852.200115423723,3665.7507905747425,3732.7421875,287607,0.0,0.0
3403,3403.0,3403.0,3403.0,3403.0,3403.0,3403.0,2021-09-21 00:00:00+05:30,3679.336886688133,3946.3636187801008,3606.4665018896767,3923.637939453125,313716,0.0,0.0
3404,3404.0,3404.0,3404.0,3404.0,3404.0,3404.0,2021-09-22 00:00:00+05:30,3924.873332281693,3924.873332281693,3806.6996942102464,3856.6962890625,91186,0.0,0.0
3405,3405.0,3405.0,3405.0,3405.0,3405.0,3405.0,2021-09-23 00:00:00+05:30,3875.3213716485056,3912.7692434210526,3825.5223456313392,3872.01123046875,75475,0.0,0.0
3406,3406.0,3406.0,3406.0,3406.0,3406.0,3406.0,2021-09-24 00:00:00+05:30,3883.127106343012,3904.864713554092,3854.225969482826,3890.340087890625,61601,0.0,0.0
3407,3407.0,3407.0,3407.0,3407.0,3407.0,3407.0,2021-09-27 00:00:00+05:30,3900.9124112014647,3900.9124112014647,3794.20052153334,3827.49853515625,58644,0.0,0.0
3408,3408.0,3408.0,3408.0,3408.0,3408.0,3408.0,2021-09-28 00:00:00+05:30,3788.271850336047,3818.8032092893495,3742.9686071732062,3780.515380859375,56833,0.0,0.0
3409,3409.0,3409.0,3409.0,3409.0,3409.0,3409.0,2021-09-29 00:00:00+05:30,3754.6773213909746,3883.1268087017183,3749.8850709498024,3779.82373046875,66685,0.0,0.0
3410,3410.0,3410.0,3410.0,3410.0,3410.0,3410.0,2021-09-30 00:00:00+05:30,3796.176604760869,3809.021554230387,3744.796806882793,3779.9228515625,40787,0.0,0.0
3411,3411.0,3411.0,3411.0,3411.0,3411.0,3411.0,2021-10-01 00:00:00+05:30,3754.6774311172608,3847.556293887004,3736.991020762187,3803.982177734375,54531,0.0,0.0
3412,3412.0,3412.0,3412.0,3412.0,3412.0,3412.0,2021-10-04 00:00:00+05:30,3759.6177872609874,3852.49664981093,3706.1629411529734,3786.789794921875,139263,0.0,0.0
3413,3413.0,3413.0,3413.0,3413.0,3413.0,3413.0,2021-10-05 00:00:00+05:30,3784.863326600754,3991.8151817765583,3778.786532514992,3943.59716796875,186471,0.0,0.0
3414,3414.0,3414.0,3414.0,3414.0,3414.0,3414.0,2021-10-06 00:00:00+05:30,3973.2886413478254,4016.5168360780626,3926.799757397897,3996.310791015625,121672,0.0,0.0
3415,3415.0,3415.0,3415.0,3415.0,3415.0,3415.0,2021-10-07 00:00:00+05:30,4013.552510921259,4130.145124483226,3938.162493058744,4060.436767578125,143040,0.0,0.0
3416,3416.0,3416.0,3416.0,3416.0,3416.0,3416.0,2021-10-08 00:00:00+05:30,4099.514929354009,4099.514929354009,3980.946167839794,4009.7978515625,53761,0.0,0.0
3417,3417.0,3417.0,3417.0,3417.0,3417.0,3417.0,2021-10-11 00:00:00+05:30,4021.4570584173457,4051.050037370768,3952.291949304516,3960.196533203125,48106,0.0,0.0
3418,3418.0,3418.0,3418.0,3418.0,3418.0,3418.0,2021-10-12 00:00:00+05:30,3952.292197928472,3996.755485155168,3903.876618503849,3923.14404296875,45517,0.0,0.0
3419,3419.0,3419.0,3419.0,3419.0,3419.0,3419.0,2021-10-13 00:00:00+05:30,3879.174576482312,3987.7637020884663,3879.174576482312,3966.125,56631,0.0,0.0
3420,3420.0,3420.0,3420.0,3420.0,3420.0,3420.0,2021-10-14 00:00:00+05:30,3953.675149585628,3982.428169968979,3912.769024457799,3927.046630859375,39770,0.0,0.0
3421,3421.0,3421.0,3421.0,3421.0,3421.0,3421.0,2021-10-18 00:00:00+05:30,3966.026256195191,3984.898547643303,3902.8884857899943,3917.759033203125,51573,0.0,0.0
3422,3422.0,3422.0,3422.0,3422.0,3422.0,3422.0,2021-10-19 00:00:00+05:30,3932.530673867333,3983.910471616353,3863.365561512882,3887.622802734375,55683,0.0,0.0
3423,3423.0,3423.0,3423.0,3423.0,3423.0,3423.0,2021-10-20 00:00:00+05:30,3906.3961463867986,3913.70779026186,3721.083002769454,3779.67578125,59208,0.0,0.0
3424,3424.0,3424.0,3424.0,3424.0,3424.0,3424.0,2021-10-21 00:00:00+05:30,3837.4284370945743,3837.4284370945743,3710.7575292706697,3754.825439453125,43222,0.0,0.0
3425,3425.0,3425.0,3425.0,3425.0,3425.0,3425.0,2021-10-22 00:00:00+05:30,3769.49857634393,3805.0692051115266,3631.6129379726735,3676.3232421875,42953,0.0,0.0
3426,3426.0,3426.0,3426.0,3426.0,3426.0,3426.0,2021-10-25 00:00:00+05:30,3625.2397136665,3675.532531163995,3370.4157921273136,3509.042236328125,114334,0.0,0.0
3427,3427.0,3427.0,3427.0,3427.0,3427.0,3427.0,2021-10-26 00:00:00+05:30,3509.0427200991244,3754.6777898981886,3509.0427200991244,3736.3984375,62591,0.0,0.0
3428,3428.0,3428.0,3428.0,3428.0,3428.0,3428.0,2021-10-27 00:00:00+05:30,3803.093152755174,3803.093152755174,3655.8702689514535,3705.718505859375,47816,0.0,0.0
3429,3429.0,3429.0,3429.0,3429.0,3429.0,3429.0,2021-10-28 00:00:00+05:30,3705.6693106087537,3725.035640136522,3621.287963156593,3629.04443359375,26827,0.0,0.0
3430,3430.0,3430.0,3430.0,3430.0,3430.0,3430.0,2021-10-29 00:00:00+05:30,3626.2280615484983,3629.0441662076937,3510.623515717116,3561.50927734375,39570,0.0,0.0
3431,3431.0,3431.0,3431.0,3431.0,3431.0,3431.0,2021-11-01 00:00:00+05:30,3596.635220825275,3629.192178372436,3497.8279194810757,3514.921630859375,50928,0.0,0.0
3432,3432.0,3432.0,3432.0,3432.0,3432.0,3432.0,2021-11-02 00:00:00+05:30,3517.539854209816,3631.168248376706,3322.4448900359807,3339.439697265625,181845,0.0,0.0
3433,3433.0,3433.0,3433.0,3433.0,3433.0,3433.0,2021-11-03 00:00:00+05:30,3258.664931922691,3333.758484022789,3211.237425333155,3285.738037109375,180843,0.0,0.0
3434,3434.0,3434.0,3434.0,3434.0,3434.0,3434.0,2021-11-04 00:00:00+05:30,3324.2233900540855,3354.4582781710305,3220.030902480398,3336.27783203125,23682,0.0,0.0
3435,3435.0,3435.0,3435.0,3435.0,3435.0,3435.0,2021-11-08 00:00:00+05:30,3359.448282022956,3369.378464161159,3245.81988424865,3251.204833984375,90569,0.0,0.0
3436,3436.0,3436.0,3436.0,3436.0,3436.0,3436.0,2021-11-09 00:00:00+05:30,3260.6409763383995,3328.818014934566,3252.7363921533365,3315.824951171875,60541,0.0,0.0
3437,3437.0,3437.0,3437.0,3437.0,3437.0,3437.0,2021-11-10 00:00:00+05:30,3308.068659222535,3315.7756774628956,3265.5815169445873,3280.74853515625,43128,0.0,0.0
3438,3438.0,3438.0,3438.0,3438.0,3438.0,3438.0,2021-11-11 00:00:00+05:30,3305.6972282974275,3324.421163985116,3227.046518555158,3230.455322265625,56743,0.0,0.0
3439,3439.0,3439.0,3439.0,3439.0,3439.0,3439.0,2021-11-12 00:00:00+05:30,3257.7758284060405,3293.1981033676416,3235.8404131827156,3245.029541015625,26748,0.0,0.0
3440,3440.0,3440.0,3440.0,3440.0,3440.0,3440.0,2021-11-15 00:00:00+05:30,3269.533767313666,3334.746589508499,3225.0704794535523,3276.15380859375,60048,0.0,0.0
3441,3441.0,3441.0,3441.0,3441.0,3441.0,3441.0,2021-11-16 00:00:00+05:30,3307.1298734158077,3428.6134038452033,3280.4024497884943,3387.262451171875,70789,0.0,0.0
3442,3442.0,3442.0,3442.0,3442.0,3442.0,3442.0,2021-11-17 00:00:00+05:30,3428.6630432671977,3428.8111577378486,3285.9851456211545,3318.14697265625,48502,0.0,0.0
3443,3443.0,3443.0,3443.0,3443.0,3443.0,3443.0,2021-11-18 00:00:00+05:30,3318.1468817816467,3335.635726592138,3230.9988866623794,3237.075439453125,41460,0.0,0.0
3444,3444.0,3444.0,3444.0,3444.0,3444.0,3444.0,2021-11-22 00:00:00+05:30,3265.630810371503,3265.6802622686705,3111.441966062234,3134.01953125,73176,0.0,0.0
3445,3445.0,3445.0,3445.0,3445.0,3445.0,3445.0,2021-11-23 00:00:00+05:30,3137.1319163507947,3216.819910899819,3064.1134148522797,3201.0107421875,29939,0.0,0.0
3446,3446.0,3446.0,3446.0,3446.0,3446.0,3446.0,2021-11-24 00:00:00+05:30,3260.6411227574467,3319.925506807582,3201.3567387073117,3283.86083984375,30813,0.0,0.0
3447,3447.0,3447.0,3447.0,3447.0,3447.0,3447.0,2021-11-25 00:00:00+05:30,3293.2474054238965,3309.056573886777,3246.857424961383,3276.99365234375,19711,0.0,0.0
3448,3448.0,3448.0,3448.0,3448.0,3448.0,3448.0,2021-11-26 00:00:00+05:30,3240.879735826052,3339.637592944873,3211.237543120326,3239.24951171875,46845,0.0,0.0
3449,3449.0,3449.0,3449.0,3449.0,3449.0,3449.0,2021-11-29 00:00:00+05:30,3162.821630038164,3211.2372063805165,2964.218959735861,3093.5576171875,73181,0.0,0.0
3450,3450.0,3450.0,3450.0,3450.0,3450.0,3450.0,2021-11-30 00:00:00+05:30,3062.5819869526954,3211.2375347381244,3054.874968623568,3149.285400390625,46237,0.0,0.0
3451,3451.0,3451.0,3451.0,3451.0,3451.0,3451.0,2021-12-01 00:00:00+05:30,3161.8335750378396,3193.00732618748,3063.026275817907,3076.266357421875,40136,0.0,0.0
3452,3452.0,3452.0,3452.0,3452.0,3452.0,3452.0,2021-12-02 00:00:00+05:30,3075.970101142233,3203.629082352932,3043.3142407948126,3180.60693359375,54302,0.0,0.0
3453,3453.0,3453.0,3453.0,3453.0,3453.0,3453.0,2021-12-03 00:00:00+05:30,3211.237442575529,3260.64109553823,3154.17622340361,3220.22900390625,32447,0.0,0.0
3454,3454.0,3454.0,3454.0,3454.0,3454.0,3454.0,2021-12-06 00:00:00+05:30,3260.6409689585676,3299.7193051807785,2964.3179664832023,3124.18798828125,50370,0.0,0.0
3455,3455.0,3455.0,3455.0,3455.0,3455.0,3455.0,2021-12-07 00:00:00+05:30,3191.475716909928,3234.901476019654,3161.8335275887835,3191.870849609375,32388,0.0,0.0
3456,3456.0,3456.0,3456.0,3456.0,3456.0,3456.0,2021-12-08 00:00:00+05:30,3215.8812398967702,3280.4519088466027,3182.6821308528556,3218.845458984375,35127,0.0,0.0
3457,3457.0,3457.0,3457.0,3457.0,3457.0,3457.0,2021-12-09 00:00:00+05:30,3238.903588849841,3240.8797350297373,3168.7503994635267,3178.5322265625,29745,0.0,0.0
3458,3458.0,3458.0,3458.0,3458.0,3458.0,3458.0,2021-12-10 00:00:00+05:30,3202.6413438292934,3216.177896869902,3162.9208539938913,3179.8662109375,20388,0.0,0.0
3459,3459.0,3459.0,3459.0,3459.0,3459.0,3459.0,2021-12-13 00:00:00+05:30,3210.2492915263992,3240.8795556191412,3163.1182559907406,3180.01416015625,33078,0.0,0.0
3460,3460.0,3460.0,3460.0,3460.0,3460.0,3460.0,2021-12-14 00:00:00+05:30,3179.6189521322613,3200.3684853811046,3143.455383407058,3176.40771484375,20510,0.0,0.0
3461,3461.0,3461.0,3461.0,3461.0,3461.0,3461.0,2021-12-15 00:00:00+05:30,3196.169203289614,3196.169203289614,3113.418087816856,3145.72802734375,31786,0.0,0.0
3462,3462.0,3462.0,3462.0,3462.0,3462.0,3462.0,2021-12-16 00:00:00+05:30,3152.9905437329785,3196.416305887144,3117.2223476902896,3133.377197265625,20176,0.0,0.0
3463,3463.0,3463.0,3463.0,3463.0,3463.0,3463.0,2021-12-17 00:00:00+05:30,3131.203368341768,3186.5354568956145,3093.8541603221697,3152.743408203125,41782,0.0,0.0
3464,3464.0,3464.0,3464.0,3464.0,3464.0,3464.0,2021-12-20 00:00:00+05:30,3160.845359976618,3160.845359976618,3023.5032202339644,3061.24755859375,52460,0.0,0.0
3465,3465.0,3465.0,3465.0,3465.0,3465.0,3465.0,2021-12-21 00:00:00+05:30,3061.247867475109,3093.11322325653,2961.9465262027747,2980.91748046875,112809,0.0,0.0
3466,3466.0,3466.0,3466.0,3466.0,3466.0,3466.0,2021-12-22 00:00:00+05:30,3043.2650771087956,3082.046945380393,3031.902236723487,3061.989013671875,31241,0.0,0.0
3467,3467.0,3467.0,3467.0,3467.0,3467.0,3467.0,2021-12-23 00:00:00+05:30,3085.7027721854843,3146.815188580828,3081.3058952320152,3128.288818359375,23239,0.0,0.0
3468,3468.0,3468.0,3468.0,3468.0,3468.0,3468.0,2021-12-24 00:00:00+05:30,3150.9650050414957,3159.413077995029,3064.1134790986544,3090.54443359375,20165,0.0,0.0
3469,3469.0,3469.0,3469.0,3469.0,3469.0,3469.0,2021-12-27 00:00:00+05:30,3087.7282930611887,3226.0585205903303,3020.539325404178,3152.24951171875,55925,0.0,0.0
3470,3470.0,3470.0,3470.0,3470.0,3470.0,3470.0,2021-12-28 00:00:00+05:30,3161.833590148932,3319.283118699883,3161.833590148932,3261.431396484375,93672,0.0,0.0
3471,3471.0,3471.0,3471.0,3471.0,3471.0,3471.0,2021-12-29 00:00:00+05:30,3299.917022612507,3308.5626619411573,3261.4316249324424,3284.305419921875,38048,0.0,0.0
3472,3472.0,3472.0,3472.0,3472.0,3472.0,3472.0,2021-12-30 00:00:00+05:30,3283.3668263449676,3318.9374570246,3253.9222004810717,3287.22021484375,26386,0.0,0.0
3473,3473.0,3473.0,3473.0,3473.0,3473.0,3473.0,2021-12-31 00:00:00+05:30,3300.1639940710375,3523.4685038494968,3295.223628810452,3505.38671875,226865,0.0,0.0
3474,3474.0,3474.0,3474.0,3474.0,3474.0,3474.0,2022-01-03 00:00:00+05:30,3533.6456343293585,3733.680971510618,3532.3610911413716,3714.512451171875,281570,0.0,0.0
3475,3475.0,3475.0,3475.0,3475.0,3475.0,3475.0,2022-01-04 00:00:00+05:30,3744.79693244632,3818.6553943725366,3616.347433444203,3683.88232421875,160288,0.0,0.0
3476,3476.0,3476.0,3476.0,3476.0,3476.0,3476.0,2022-01-05 00:00:00+05:30,3670.691317769907,3670.691317769907,3558.0509920025397,3613.72900390625,86576,0.0,0.0
3477,3477.0,3477.0,3477.0,3477.0,3477.0,3477.0,2022-01-06 00:00:00+05:30,3488.045853374609,3698.357290865506,3488.045853374609,3673.408447265625,118145,0.0,0.0
3478,3478.0,3478.0,3478.0,3478.0,3478.0,3478.0,2022-01-07 00:00:00+05:30,3684.5242852718006,3704.384649431304,3586.7050564592746,3607.45458984375,52668,0.0,0.0
3479,3479.0,3479.0,3479.0,3479.0,3479.0,3479.0,2022-01-10 00:00:00+05:30,3637.491965322948,3655.3267318051744,3576.8243776194727,3616.742431640625,42152,0.0,0.0
3480,3480.0,3480.0,3480.0,3480.0,3480.0,3480.0,2022-01-11 00:00:00+05:30,3632.7000329826,3650.929932573375,3592.1395858918827,3626.376220703125,40976,0.0,0.0
3481,3481.0,3481.0,3481.0,3481.0,3481.0,3481.0,2022-01-12 00:00:00+05:30,3636.108716696547,3749.737114093314,3631.6129362059655,3685.808837890625,61898,0.0,0.0
3482,3482.0,3482.0,3482.0,3482.0,3482.0,3482.0,2022-01-13 00:00:00+05:30,3715.154524858663,3752.306166598755,3688.081420823272,3713.91943359375,51361,0.0,0.0
3483,3483.0,3483.0,3483.0,3483.0,3483.0,3483.0,2022-01-14 00:00:00+05:30,3736.892304364984,3737.040418832135,3665.7510442078506,3676.27392578125,25918,0.0,0.0
3484,3484.0,3484.0,3484.0,3484.0,3484.0,3484.0,2022-01-17 00:00:00+05:30,3695.392882558601,3705.224160297198,3625.289154061695,3642.6298828125,31172,0.0,0.0
3485,3485.0,3485.0,3485.0,3485.0,3485.0,3485.0,2022-01-18 00:00:00+05:30,3670.098224661373,3670.098224661373,3536.313238048175,3547.923095703125,48999,0.0,0.0
3486,3486.0,3486.0,3486.0,3486.0,3486.0,3486.0,2022-01-19 00:00:00+05:30,3548.1702496423886,3571.4394177375093,3446.9916678929094,3493.18408203125,38978,0.0,0.0
3487,3487.0,3487.0,3487.0,3487.0,3487.0,3487.0,2022-01-20 00:00:00+05:30,3507.609669485929,3574.848084833088,3490.17027766972,3556.9638671875,36334,0.0,0.0
3488,3488.0,3488.0,3488.0,3488.0,3488.0,3488.0,2022-01-21 00:00:00+05:30,3547.181972385667,3547.181972385667,3418.7324859204477,3451.239990234375,41421,0.0,0.0
3489,3489.0,3489.0,3489.0,3489.0,3489.0,3489.0,2022-01-24 00:00:00+05:30,3443.4343528761483,3443.4343528761483,3228.034442136693,3274.91845703125,87163,0.0,0.0
3490,3490.0,3490.0,3490.0,3490.0,3490.0,3490.0,2022-01-25 00:00:00+05:30,3274.9186921753567,3396.8962626913835,3116.382418587755,3376.146728515625,59896,0.0,0.0
3491,3491.0,3491.0,3491.0,3491.0,3491.0,3491.0,2022-01-27 00:00:00+05:30,3377.2338075885964,3425.6493887974443,3270.5219143119525,3295.273193359375,54196,0.0,0.0
3492,3492.0,3492.0,3492.0,3492.0,3492.0,3492.0,2022-01-28 00:00:00+05:30,3309.9950384727063,3429.5024174239575,3287.9609627239115,3318.8876953125,47807,0.0,0.0
3493,3493.0,3493.0,3493.0,3493.0,3493.0,3493.0,2022-01-31 00:00:00+05:30,3357.916678951808,3417.6950961700845,3297.7925809166336,3310.78564453125,29610,0.0,0.0
3494,3494.0,3494.0,3494.0,3494.0,3494.0,3494.0,2022-02-01 00:00:00+05:30,3321.209932335531,3398.971231746299,3300.16392849786,3315.281494140625,42885,0.0,0.0
3495,3495.0,3495.0,3495.0,3495.0,3495.0,3495.0,2022-02-02 00:00:00+05:30,3341.613592382566,3544.2180188748457,3151.953019294887,3172.9990234375,332196,0.0,0.0
3496,3496.0,3496.0,3496.0,3496.0,3496.0,3496.0,2022-02-03 00:00:00+05:30,3161.8336232124666,3161.8336232124666,3064.8049021458864,3080.41650390625,194197,0.0,0.0
3497,3497.0,3497.0,3497.0,3497.0,3497.0,3497.0,2022-02-04 00:00:00+05:30,3058.0860342906426,3112.430051055097,3023.503478167808,3065.49658203125,129652,0.0,0.0
3498,3498.0,3498.0,3498.0,3498.0,3498.0,3498.0,2022-02-07 00:00:00+05:30,3122.3108234651213,3132.191553919125,3029.431957197488,3067.07763671875,60719,0.0,0.0
3499,3499.0,3499.0,3499.0,3499.0,3499.0,3499.0,2022-02-08 00:00:00+05:30,3091.136906120161,3112.3804754656408,3030.567983414971,3073.2529296875,37611,0.0,0.0
3500,3500.0,3500.0,3500.0,3500.0,3500.0,3500.0,2022-02-09 00:00:00+05:30,3073.2529817476125,3111.9853954762484,3048.2052344639965,3073.5,34552,0.0,0.0
3501,3501.0,3501.0,3501.0,3501.0,3501.0,3501.0,2022-02-10 00:00:00+05:30,3082.788022351751,3159.8577229105445,3065.200273209244,3104.97021484375,59408,0.0,0.0
3502,3502.0,3502.0,3502.0,3502.0,3502.0,3502.0,2022-02-11 00:00:00+05:30,3075.8712535010004,3100.5730785371475,3063.026304482204,3082.19482421875,25228,0.0,0.0
3503,3503.0,3503.0,3503.0,3503.0,3503.0,3503.0,2022-02-14 00:00:00+05:30,2974.0996900236605,3045.537415209183,2964.2189601564723,3001.815185546875,62087,0.0,0.0
3504,3504.0,3504.0,3504.0,3504.0,3504.0,3504.0,2022-02-15 00:00:00+05:30,2964.2190486146615,3037.5834700678743,2931.6126390799,3025.18310546875,61596,0.0,0.0
3505,3505.0,3505.0,3505.0,3505.0,3505.0,3505.0,2022-02-16 00:00:00+05:30,3063.026399184391,3121.915648382798,3042.9190164917864,3074.537353515625,49015,0.0,0.0
3506,3506.0,3506.0,3506.0,3506.0,3506.0,3506.0,2022-02-17 00:00:00+05:30,3099.5354010682927,3126.410937138947,3065.1012034001496,3081.009033203125,30858,0.0,0.0
3507,3507.0,3507.0,3507.0,3507.0,3507.0,3507.0,2022-02-18 00:00:00+05:30,3070.9310786195683,3090.6925398719463,3041.4864531077696,3054.825439453125,20931,0.0,0.0
3508,3508.0,3508.0,3508.0,3508.0,3508.0,3508.0,2022-02-21 00:00:00+05:30,2974.198794073171,3038.3246387374543,2964.614292473648,2976.12548828125,50141,0.0,0.0
3509,3509.0,3509.0,3509.0,3509.0,3509.0,3509.0,2022-02-22 00:00:00+05:30,2924.6962523573875,2996.578567343536,2905.9228642510393,2962.29248046875,56566,0.0,0.0
3510,3510.0,3510.0,3510.0,3510.0,3510.0,3510.0,2022-02-23 00:00:00+05:30,2964.9601100311606,3025.23256415493,2945.0997458693637,2963.576904296875,41839,0.0,0.0
3511,3511.0,3511.0,3511.0,3511.0,3511.0,3511.0,2022-02-24 00:00:00+05:30,2909.875152055138,2921.732028735838,2766.6045588300126,2801.68115234375,97763,0.0,0.0
3512,3512.0,3512.0,3512.0,3512.0,3512.0,3512.0,2022-02-25 00:00:00+05:30,2844.464561852298,2964.2189595733084,2827.9143393280137,2946.6806640625,43712,0.0,0.0
3513,3513.0,3513.0,3513.0,3513.0,3513.0,3513.0,2022-02-28 00:00:00+05:30,2946.680751101673,2991.885091570414,2876.280548732323,2967.479736328125,44909,0.0,0.0
3514,3514.0,3514.0,3514.0,3514.0,3514.0,3514.0,2022-03-02 00:00:00+05:30,2955.326416428443,3013.622724876881,2890.113596808156,2921.73193359375,55416,0.0,0.0
3515,3515.0,3515.0,3515.0,3515.0,3515.0,3515.0,2022-03-03 00:00:00+05:30,2964.218976911208,3001.5187323706737,2857.7046600951135,2865.214111328125,51884,0.0,0.0
3516,3516.0,3516.0,3516.0,3516.0,3516.0,3516.0,2022-03-04 00:00:00+05:30,2856.5190184340418,2885.0250207303948,2792.294273986372,2804.05224609375,59702,0.0,0.0
3517,3517.0,3517.0,3517.0,3517.0,3517.0,3517.0,2022-03-07 00:00:00+05:30,2783.401636155732,2791.306220141975,2727.180379045084,2768.234619140625,49190,0.0,0.0
3518,3518.0,3518.0,3518.0,3518.0,3518.0,3518.0,2022-03-08 00:00:00+05:30,2789.182168669157,2844.612923288628,2735.8754334348696,2784.73583984375,54067,0.0,0.0
3519,3519.0,3519.0,3519.0,3519.0,3519.0,3519.0,2022-03-09 00:00:00+05:30,2788.3420188097184,2949.397918549613,2788.3420188097184,2919.360595703125,56962,0.0,0.0
3520,3520.0,3520.0,3520.0,3520.0,3520.0,3520.0,2022-03-10 00:00:00+05:30,3013.5237174095296,3057.8388875275323,2979.8305731687765,3003.494873046875,62981,0.0,0.0
3521,3521.0,3521.0,3521.0,3521.0,3521.0,3521.0,2022-03-11 00:00:00+05:30,2983.9805316964657,3041.4368815354724,2944.358706952963,2973.852783203125,50874,0.0,0.0
3522,3522.0,3522.0,3522.0,3522.0,3522.0,3522.0,2022-03-14 00:00:00+05:30,2973.1117463845467,3003.494992047998,2913.827364602203,2919.953369140625,59495,0.0,0.0
3523,3523.0,3523.0,3523.0,3523.0,3523.0,3523.0,2022-03-15 00:00:00+05:30,2949.793045022893,3002.1117034856316,2822.92456799981,2858.643310546875,53945,0.0,0.0
3524,3524.0,3524.0,3524.0,3524.0,3524.0,3524.0,2022-03-16 00:00:00+05:30,2939.616244466206,2946.3349482618596,2856.56865588995,2868.8701171875,86741,0.0,0.0
3525,3525.0,3525.0,3525.0,3525.0,3525.0,3525.0,2022-03-17 00:00:00+05:30,2923.708146501922,2929.58713288668,2843.1307412614965,2859.4833984375,80369,0.0,0.0
3526,3526.0,3526.0,3526.0,3526.0,3526.0,3526.0,2022-03-21 00:00:00+05:30,2879.24504161034,2903.9468693523645,2828.853313016611,2845.50244140625,63933,0.0,0.0
3527,3527.0,3527.0,3527.0,3527.0,3527.0,3527.0,2022-03-22 00:00:00+05:30,2860.520935767989,2899.9944059265845,2828.556676062946,2864.1767578125,43233,0.0,0.0
3528,3528.0,3528.0,3528.0,3528.0,3528.0,3528.0,2022-03-23 00:00:00+05:30,2870.3521467080895,2893.818881126099,2853.2089831785843,2874.7490234375,42182,0.0,0.0
3529,3529.0,3529.0,3529.0,3529.0,3529.0,3529.0,2022-03-24 00:00:00+05:30,2874.748889364905,2893.0776914275903,2842.191932852276,2865.312744140625,57821,0.0,0.0
3530,3530.0,3530.0,3530.0,3530.0,3530.0,3530.0,2022-03-25 00:00:00+05:30,2875.2924305598513,2885.074256770252,2826.975757341947,2834.97900390625,34994,0.0,0.0
3531,3531.0,3531.0,3531.0,3531.0,3531.0,3531.0,2022-03-28 00:00:00+05:30,2835.7694760618274,2855.5309358253244,2772.532804818637,2777.819091796875,62504,0.0,0.0
3532,3532.0,3532.0,3532.0,3532.0,3532.0,3532.0,2022-03-29 00:00:00+05:30,2796.2468812863212,2806.1276123156013,2757.712030272128,2762.8994140625,59044,0.0,0.0
3533,3533.0,3533.0,3533.0,3533.0,3533.0,3533.0,2022-03-30 00:00:00+05:30,2776.485297653327,2924.597352805317,2776.485297653327,2870.5498046875,151200,0.0,0.0
3534,3534.0,3534.0,3534.0,3534.0,3534.0,3534.0,2022-03-31 00:00:00+05:30,2896.93131316809,2917.3846185287334,2816.1071297023377,2824.456298828125,80258,0.0,0.0
3535,3535.0,3535.0,3535.0,3535.0,3535.0,3535.0,2022-04-01 00:00:00+05:30,2845.8974736190607,2952.3623474260057,2832.805505378299,2929.3896484375,78045,0.0,0.0
3536,3536.0,3536.0,3536.0,3536.0,3536.0,3536.0,2022-04-04 00:00:00+05:30,2959.2785277739363,3150.964682828408,2954.3381629529445,3129.128173828125,150414,0.0,0.0
3537,3537.0,3537.0,3537.0,3537.0,3537.0,3537.0,2022-04-05 00:00:00+05:30,3169.9356788666,3368.2913291433297,3162.821601672787,3299.126220703125,315988,0.0,0.0
3538,3538.0,3538.0,3538.0,3538.0,3538.0,3538.0,2022-04-06 00:00:00+05:30,3299.0767422760064,3414.385050831253,3230.998611150304,3308.265869140625,129639,0.0,0.0
3539,3539.0,3539.0,3539.0,3539.0,3539.0,3539.0,2022-04-07 00:00:00+05:30,3316.961005856975,3348.5793413313345,3229.714113161665,3257.281494140625,62830,0.0,0.0
3540,3540.0,3540.0,3540.0,3540.0,3540.0,3540.0,2022-04-08 00:00:00+05:30,3279.414417254921,3339.6868726488797,3260.6410295092614,3269.978271484375,49639,0.0,0.0
3541,3541.0,3541.0,3541.0,3541.0,3541.0,3541.0,2022-04-11 00:00:00+05:30,3275.4619012700628,3293.247214761122,3230.998617542414,3249.228515625,46725,0.0,0.0
3542,3542.0,3542.0,3542.0,3542.0,3542.0,3542.0,2022-04-12 00:00:00+05:30,3290.283389527142,3317.8013215737087,3156.3500339389216,3178.5322265625,66812,0.0,0.0
3543,3543.0,3543.0,3543.0,3543.0,3543.0,3543.0,2022-04-13 00:00:00+05:30,3194.4398639832857,3242.1143840690243,3137.1316325848843,3144.73974609375,37547,0.0,0.0
3544,3544.0,3544.0,3544.0,3544.0,3544.0,3544.0,2022-04-18 00:00:00+05:30,3093.656581136514,3134.217026270051,3063.0263179569447,3089.90185546875,39106,0.0,0.0
3545,3545.0,3545.0,3545.0,3545.0,3545.0,3545.0,2022-04-19 00:00:00+05:30,3112.4297995332035,3137.2797377903585,3064.014224873798,3109.02099609375,39087,0.0,0.0
3546,3546.0,3546.0,3546.0,3546.0,3546.0,3546.0,2022-04-20 00:00:00+05:30,3114.4060396646046,3147.5559364607197,3072.906974415266,3107.390625,35823,0.0,0.0
3547,3547.0,3547.0,3547.0,3547.0,3547.0,3547.0,2022-04-21 00:00:00+05:30,3121.3228414195055,3176.605481675624,3093.1133069051434,3172.258056640625,42199,0.0,0.0
3548,3548.0,3548.0,3548.0,3548.0,3548.0,3548.0,2022-04-22 00:00:00+05:30,3159.857403699592,3176.0617041501387,3113.417973438841,3122.01416015625,35035,0.0,0.0
3549,3549.0,3549.0,3549.0,3549.0,3549.0,3549.0,2022-04-25 00:00:00+05:30,3112.4300341754047,3174.728086756002,3048.2052874384517,3097.85595703125,39105,0.0,0.0
3550,3550.0,3550.0,3550.0,3550.0,3550.0,3550.0,2022-04-26 00:00:00+05:30,3114.4064025903217,3159.857765064673,3089.605671357369,3094.496826171875,21484,0.0,0.0
3551,3551.0,3551.0,3551.0,3551.0,3551.0,3551.0,2022-04-27 00:00:00+05:30,3094.496385457416,3114.405959040366,3041.1404458038055,3095.18798828125,32657,0.0,0.0
3552,3552.0,3552.0,3552.0,3552.0,3552.0,3552.0,2022-04-28 00:00:00+05:30,3110.6514147594908,3138.959851350856,3089.012712242097,3135.896728515625,26034,0.0,0.0
3553,3553.0,3553.0,3553.0,3553.0,3553.0,3553.0,2022-04-29 00:00:00+05:30,3136.4401668162714,3179.6189085971496,3131.15387978375,3141.677001953125,35448,0.0,0.0
3554,3554.0,3554.0,3554.0,3554.0,3554.0,3554.0,2022-05-02 00:00:00+05:30,3102.549443408168,3147.0127316098774,3064.113497431979,3094.348388671875,27541,0.0,0.0
3555,3555.0,3555.0,3555.0,3555.0,3555.0,3555.0,2022-05-04 00:00:00+05:30,3117.666747405513,3141.0345770811346,3014.610686507284,3053.491455078125,33325,0.0,0.0
3556,3556.0,3556.0,3556.0,3556.0,3556.0,3556.0,2022-05-05 00:00:00+05:30,3043.2649383771436,3094.545832243355,2979.0401913010023,2992.2802734375,29814,0.0,0.0
3557,3557.0,3557.0,3557.0,3557.0,3557.0,3557.0,2022-05-06 00:00:00+05:30,2964.2686224239424,2988.92099694639,2898.018275716946,2914.074462890625,28567,0.0,0.0
3558,3558.0,3558.0,3558.0,3558.0,3558.0,3558.0,2022-05-09 00:00:00+05:30,2912.0984509100713,2981.5600382512484,2845.6505347768275,2868.82080078125,45768,0.0,0.0
3559,3559.0,3559.0,3559.0,3559.0,3559.0,3559.0,2022-05-10 00:00:00+05:30,2845.650409694396,2907.5530903443287,2845.650409694396,2880.035400390625,47207,0.0,0.0
3560,3560.0,3560.0,3560.0,3560.0,3560.0,3560.0,2022-05-11 00:00:00+05:30,2885.173190096381,3013.6226814362885,2763.6402098286226,2975.285400390625,73315,0.0,0.0
3561,3561.0,3561.0,3561.0,3561.0,3561.0,3561.0,2022-05-12 00:00:00+05:30,2983.980519276258,3024.4420611842675,2845.6502965283516,2960.11865234375,82309,0.0,0.0
3562,3562.0,3562.0,3562.0,3562.0,3562.0,3562.0,2022-05-13 00:00:00+05:30,3023.503484978491,3048.9463656118887,2965.207175954396,3000.876708984375,51102,0.0,0.0
3563,3563.0,3563.0,3563.0,3563.0,3563.0,3563.0,2022-05-16 00:00:00+05:30,3024.096422638457,3043.2649429956887,2959.7727716699956,2991.835693359375,26098,0.0,0.0
3564,3564.0,3564.0,3564.0,3564.0,3564.0,3564.0,2022-05-17 00:00:00+05:30,3008.632918169376,3041.5357982454134,2994.849347675415,3024.195068359375,20800,0.0,0.0
3565,3565.0,3565.0,3565.0,3565.0,3565.0,3565.0,2022-05-18 00:00:00+05:30,3047.0198270976666,3091.73013418407,2944.9023772938954,2965.454345703125,51028,0.0,0.0
3566,3566.0,3566.0,3566.0,3566.0,3566.0,3566.0,2022-05-19 00:00:00+05:30,2934.576736989281,2945.9395762065787,2700.699911953764,2778.80712890625,223028,0.0,0.0
3567,3567.0,3567.0,3567.0,3567.0,3567.0,3567.0,2022-05-20 00:00:00+05:30,2778.46146759394,2810.870312474504,2737.9504718004296,2752.47509765625,92121,0.0,0.0
3568,3568.0,3568.0,3568.0,3568.0,3568.0,3568.0,2022-05-23 00:00:00+05:30,2771.5446612935457,2805.830744864867,2741.902472402706,2748.76953125,38257,0.0,0.0
3569,3569.0,3569.0,3569.0,3569.0,3569.0,3569.0,2022-05-24 00:00:00+05:30,2748.7699230010303,2761.4173069760272,2677.5299969509424,2687.1142578125,48259,0.0,0.0
3570,3570.0,3570.0,3570.0,3570.0,3570.0,3570.0,2022-05-25 00:00:00+05:30,2704.1582007711677,2710.234753153544,2554.168673004312,2572.7939453125,73284,0.0,0.0
3571,3571.0,3571.0,3571.0,3571.0,3571.0,3571.0,2022-05-26 00:00:00+05:30,2578.8705723658586,2598.2861106433143,2486.0411607366027,2539.792236328125,51447,0.0,0.0
3572,3572.0,3572.0,3572.0,3572.0,3572.0,3572.0,2022-05-27 00:00:00+05:30,2570.8177807621364,2636.030597474038,2570.8177807621364,2608.611572265625,36132,0.0,0.0
3573,3573.0,3573.0,3573.0,3573.0,3573.0,3573.0,2022-05-30 00:00:00+05:30,2655.9402092239607,2999.888515101945,2648.1345290588906,2778.609375,60288,0.0,0.0
3574,3574.0,3574.0,3574.0,3574.0,3574.0,3574.0,2022-05-31 00:00:00+05:30,2781.425609530978,2781.425609530978,2692.4990358692417,2697.1923828125,58491,0.0,0.0
3575,3575.0,3575.0,3575.0,3575.0,3575.0,3575.0,2022-06-01 00:00:00+05:30,2715.2245670788184,2747.830975635442,2669.7732096968584,2680.049072265625,41660,0.0,0.0
3576,3576.0,3576.0,3576.0,3576.0,3576.0,3576.0,2022-06-02 00:00:00+05:30,2693.1413717949567,2745.9540724293392,2683.8535810662142,2694.8212890625,39531,0.0,0.0
3577,3577.0,3577.0,3577.0,3577.0,3577.0,3577.0,2022-06-03 00:00:00+05:30,2717.200914336126,2736.616453468873,2652.9761654518175,2657.817626953125,38511,0.0,0.0
3578,3578.0,3578.0,3578.0,3578.0,3578.0,3578.0,2022-06-06 00:00:00+05:30,2667.797178493108,2687.5586390745384,2602.0408701626448,2661.127685546875,31518,0.0,0.0
3579,3579.0,3579.0,3579.0,3579.0,3579.0,3579.0,2022-06-07 00:00:00+05:30,2661.127676227823,2669.921429664258,2608.5127876140177,2616.367919921875,21954,0.0,0.0
3580,3580.0,3580.0,3580.0,3580.0,3580.0,3580.0,2022-06-08 00:00:00+05:30,2636.129415562777,2642.0578537954466,2586.824667419248,2591.27099609375,21108,0.0,0.0
3581,3581.0,3581.0,3581.0,3581.0,3581.0,3581.0,2022-06-09 00:00:00+05:30,2603.3253808378536,2675.1087890120166,2583.4650167100103,2655.643798828125,48011,0.0,0.0
3582,3582.0,3582.0,3582.0,3582.0,3582.0,3582.0,2022-06-10 00:00:00+05:30,2647.8381941041735,2647.8381941041735,2609.2044415550995,2613.601318359375,61761,0.0,0.0
3583,3583.0,3583.0,3583.0,3583.0,3583.0,3583.0,2022-06-13 00:00:00+05:30,2568.989798728967,2597.3968974649124,2529.466878748521,2547.69677734375,47458,0.0,0.0
3584,3584.0,3584.0,3584.0,3584.0,3584.0,3584.0,2022-06-14 00:00:00+05:30,2559.1091108793553,2663.84485055241,2549.277832618062,2653.074951171875,72133,0.0,0.0
3585,3585.0,3585.0,3585.0,3585.0,3585.0,3585.0,2022-06-15 00:00:00+05:30,2648.0356142941696,2705.985998690112,2632.078331990579,2660.633544921875,36034,0.0,0.0
3586,3586.0,3586.0,3586.0,3586.0,3586.0,3586.0,2022-06-16 00:00:00+05:30,2681.086760684818,2719.1770248860066,2605.598076398241,2625.211181640625,40769,0.0,0.0
3587,3587.0,3587.0,3587.0,3587.0,3587.0,3587.0,2022-06-17 00:00:00+05:30,2608.5124946752,2665.771271833402,2543.29968230832,2585.09521484375,32750,0.0,0.0
3588,3588.0,3588.0,3588.0,3588.0,3588.0,3588.0,2022-06-20 00:00:00+05:30,2584.798932256832,2596.556904302736,2524.5264800902924,2585.29296875,31138,0.0,0.0
3589,3589.0,3589.0,3589.0,3589.0,3589.0,3589.0,2022-06-21 00:00:00+05:30,2585.787198963686,2629.8059020485057,2563.605007004345,2591.073486328125,23709,0.0,0.0
3590,3590.0,3590.0,3590.0,3590.0,3590.0,3590.0,2022-06-22 00:00:00+05:30,2604.4124494010757,2628.2248652059984,2568.9899340117513,2581.241943359375,16236,0.0,0.0
3591,3591.0,3591.0,3591.0,3591.0,3591.0,3591.0,2022-06-23 00:00:00+05:30,2580.846792038763,2612.7121477214773,2569.9779885500852,2577.43798828125,10412,0.0,0.0
3592,3592.0,3592.0,3592.0,3592.0,3592.0,3592.0,2022-06-24 00:00:00+05:30,2598.632118922038,2617.652525115669,2564.0495622063454,2570.076904296875,15478,0.0,0.0
3593,3593.0,3593.0,3593.0,3593.0,3593.0,3593.0,2022-06-27 00:00:00+05:30,2594.877269040894,2648.529681283548,2576.8449367583253,2583.8603515625,19443,0.0,0.0
3594,3594.0,3594.0,3594.0,3594.0,3594.0,3594.0,2022-06-28 00:00:00+05:30,2598.0885617300337,2598.0885617300337,2534.4073036520535,2544.041015625,26395,0.0,0.0
3595,3595.0,3595.0,3595.0,3595.0,3595.0,3595.0,2022-06-29 00:00:00+05:30,2531.4428624646116,2557.4292289316018,2509.7052578688968,2513.8056640625,28334,0.0,0.0
3596,3596.0,3596.0,3596.0,3596.0,3596.0,3596.0,2022-06-30 00:00:00+05:30,2525.415865272186,2553.328929523457,2485.003773166281,2487.6220703125,31222,0.0,0.0
3597,3597.0,3597.0,3597.0,3597.0,3597.0,3597.0,2022-07-01 00:00:00+05:30,2494.884383993136,2578.771687185201,2476.3085629081465,2513.460205078125,26377,0.0,0.0
3598,3598.0,3598.0,3598.0,3598.0,3598.0,3598.0,2022-07-04 00:00:00+05:30,2535.1484025091613,2567.013758050785,2494.88442612711,2502.5419921875,18489,0.0,0.0
3599,3599.0,3599.0,3599.0,3599.0,3599.0,3599.0,2022-07-05 00:00:00+05:30,2522.500849315673,2538.3594687852474,2499.824622820816,2506.148193359375,16295,0.0,0.0
3600,3600.0,3600.0,3600.0,3600.0,3600.0,3600.0,2022-07-06 00:00:00+05:30,2506.1482797004874,2524.5265341312643,2489.943978869192,2505.85205078125,20363,0.0,0.0
3601,3601.0,3601.0,3601.0,3601.0,3601.0,3601.0,2022-07-07 00:00:00+05:30,2527.0957885337434,2616.7139680281466,2527.0957885337434,2581.04443359375,57028,0.0,0.0
3602,3602.0,3602.0,3602.0,3602.0,3602.0,3602.0,2022-07-08 00:00:00+05:30,2605.844942311474,2630.5962189333472,2574.967661403138,2587.417236328125,22879,0.0,0.0
3603,3603.0,3603.0,3603.0,3603.0,3603.0,3603.0,2022-07-11 00:00:00+05:30,2602.584065747503,2637.413636103463,2580.846461553712,2608.759521484375,23367,0.0,0.0
3604,3604.0,3604.0,3604.0,3604.0,3604.0,3604.0,2022-07-12 00:00:00+05:30,2609.500882718656,2672.935123253871,2575.906399563626,2632.2265625,38346,0.0,0.0
3605,3605.0,3605.0,3605.0,3605.0,3605.0,3605.0,2022-07-13 00:00:00+05:30,2639.143174027487,2649.0733566420095,2598.731081893867,2612.070068359375,25708,0.0,0.0
3606,3606.0,3606.0,3606.0,3606.0,3606.0,3606.0,2022-07-14 00:00:00+05:30,2624.4206576670113,2630.744228052333,2584.3047994256813,2620.96240234375,20103,0.0,0.0
3607,3607.0,3607.0,3607.0,3607.0,3607.0,3607.0,2022-07-15 00:00:00+05:30,2628.2742203208777,2634.1532065153165,2556.045986421306,2579.858642578125,18640,0.0,0.0
3608,3608.0,3608.0,3608.0,3608.0,3608.0,3608.0,2022-07-18 00:00:00+05:30,2596.4584792725627,2611.4771417930783,2580.846876414499,2592.209716796875,18217,0.0,0.0
3609,3609.0,3609.0,3609.0,3609.0,3609.0,3609.0,2022-07-19 00:00:00+05:30,2591.715657210788,2665.821137306407,2563.3580084066193,2652.5810546875,55898,0.0,0.0
3610,3610.0,3610.0,3610.0,3610.0,3610.0,3610.0,2022-07-20 00:00:00+05:30,2682.6185203576756,2745.50927794379,2667.797423560119,2691.26416015625,45739,0.0,0.0
3611,3611.0,3611.0,3611.0,3611.0,3611.0,3611.0,2022-07-21 00:00:00+05:30,2707.073103287337,2790.3182566597097,2677.6779304347783,2768.2841796875,30546,0.0,0.0
3612,3612.0,3612.0,3612.0,3612.0,3612.0,3612.0,2022-07-22 00:00:00+05:30,2801.5031502540687,2844.935819408114,2748.9476959394538,2783.95166015625,51341,10.0,0.0
3613,3613.0,3613.0,3613.0,3613.0,3613.0,3613.0,2022-07-25 00:00:00+05:30,2796.346768465909,2875.8740288526456,2748.997279744545,2819.649658203125,57755,0.0,0.0
3614,3614.0,3614.0,3614.0,3614.0,3614.0,3614.0,2022-07-26 00:00:00+05:30,2825.1035962753635,2850.8358884406266,2731.892035008293,2744.931640625,26535,0.0,0.0
3615,3615.0,3615.0,3615.0,3615.0,3615.0,3615.0,2022-07-27 00:00:00+05:30,2744.78279286343,2792.4794404002528,2712.4067487370585,2775.47314453125,32205,0.0,0.0
3616,3616.0,3616.0,3616.0,3616.0,3616.0,3616.0,2022-07-28 00:00:00+05:30,2789.4056203961236,2853.860424991128,2786.4307832609693,2839.92822265625,35095,0.0,0.0
3617,3617.0,3617.0,3617.0,3617.0,3617.0,3617.0,2022-07-29 00:00:00+05:30,2847.910417244432,2938.642939242296,2847.910417244432,2905.176025390625,65367,0.0,0.0
3618,3618.0,3618.0,3618.0,3618.0,3618.0,3618.0,2022-08-01 00:00:00+05:30,2930.2641359079166,3189.471508477285,2906.4158103691207,3161.309814453125,353623,0.0,0.0
3619,3619.0,3619.0,3619.0,3619.0,3619.0,3619.0,2022-08-02 00:00:00+05:30,3189.025152604413,3199.189178666041,3080.989041080118,3112.770263671875,117493,0.0,0.0
3620,3620.0,3620.0,3620.0,3620.0,3620.0,3620.0,2022-08-03 00:00:00+05:30,3112.7704225740076,3123.578900344405,2995.660907282682,3010.931640625,73322,0.0,0.0
3621,3621.0,3621.0,3621.0,3621.0,3621.0,3621.0,2022-08-04 00:00:00+05:30,3046.2332291416205,3143.411242310852,2966.904238799391,3093.0869140625,136604,0.0,0.0
3622,3622.0,3622.0,3622.0,3622.0,3622.0,3622.0,2022-08-05 00:00:00+05:30,3118.0255417010385,3143.410912786546,3052.6783895941267,3092.442138671875,58002,0.0,0.0
3623,3623.0,3623.0,3623.0,3623.0,3623.0,3623.0,2022-08-08 00:00:00+05:30,3093.830465830254,3132.106798558757,3034.333726102749,3043.65478515625,53251,0.0,0.0
3624,3624.0,3624.0,3624.0,3624.0,3624.0,3624.0,2022-08-10 00:00:00+05:30,3063.982882420851,3083.914387356342,3025.40925910746,3036.069091796875,37662,0.0,0.0
3625,3625.0,3625.0,3625.0,3625.0,3625.0,3625.0,2022-08-11 00:00:00+05:30,3058.9755231375025,3098.788663043135,3040.2835330848807,3049.356689453125,39744,0.0,0.0
3626,3626.0,3626.0,3626.0,3626.0,3626.0,3626.0,2022-08-12 00:00:00+05:30,3067.404187574454,3087.8808859508244,3044.547474280748,3053.0751953125,31086,0.0,0.0
3627,3627.0,3627.0,3627.0,3627.0,3627.0,3627.0,2022-08-16 00:00:00+05:30,3072.808446747315,3072.808446747315,3006.568692310813,3019.856201171875,36345,0.0,0.0
3628,3628.0,3628.0,3628.0,3628.0,3628.0,3628.0,2022-08-17 00:00:00+05:30,3030.763884289343,3058.8265621627897,3025.409274446051,3032.89599609375,27935,0.0,0.0
3629,3629.0,3629.0,3629.0,3629.0,3629.0,3629.0,2022-08-18 00:00:00+05:30,3044.249824119346,3090.0126358760517,3012.9644069871065,3019.955322265625,32623,0.0,0.0
3630,3630.0,3630.0,3630.0,3630.0,3630.0,3630.0,2022-08-19 00:00:00+05:30,3035.622772227646,3052.133020130135,2977.117646723861,2989.61181640625,32573,0.0,0.0
3631,3631.0,3631.0,3631.0,3631.0,3631.0,3631.0,2022-08-22 00:00:00+05:30,2964.9207609094506,2973.8452715610174,2910.3820847054303,2920.744384765625,41692,0.0,0.0
3632,3632.0,3632.0,3632.0,3632.0,3632.0,3632.0,2022-08-23 00:00:00+05:30,2855.843635041492,2940.1306867701473,2851.8771855483787,2897.7392578125,34043,0.0,0.0
3633,3633.0,3633.0,3633.0,3633.0,3633.0,3633.0,2022-08-24 00:00:00+05:30,2913.3569674140963,3004.6845580221134,2900.46600738129,2977.811767578125,38793,0.0,0.0
3634,3634.0,3634.0,3634.0,3634.0,3634.0,3634.0,2022-08-25 00:00:00+05:30,3001.6107203603583,3045.2416657504655,2979.7952476653045,2994.66943359375,39518,0.0,0.0
3635,3635.0,3635.0,3635.0,3635.0,3635.0,3635.0,2022-08-26 00:00:00+05:30,3004.28773570525,3039.291698299998,2964.9207758293624,2978.010009765625,21467,0.0,0.0
3636,3636.0,3636.0,3636.0,3636.0,3636.0,3636.0,2022-08-29 00:00:00+05:30,2854.851996205304,2950.046783157617,2845.927484928525,2930.611083984375,21456,0.0,0.0
3637,3637.0,3637.0,3637.0,3637.0,3637.0,3637.0,2022-08-30 00:00:00+05:30,2959.367770850568,2987.4800775285316,2935.172526590143,2942.609619140625,17476,0.0,0.0
3638,3638.0,3638.0,3638.0,3638.0,3638.0,3638.0,2022-09-01 00:00:00+05:30,2942.113891318524,3017.674705225018,2938.2960868704668,2993.677734375,35420,0.0,0.0
3639,3639.0,3639.0,3639.0,3639.0,3639.0,3639.0,2022-09-02 00:00:00+05:30,3009.493867915032,3022.434457564317,2959.962879209149,2973.498291015625,24674,0.0,0.0
3640,3640.0,3640.0,3640.0,3640.0,3640.0,3640.0,2022-09-05 00:00:00+05:30,2988.2237457930164,3007.560186159024,2937.50287213163,2946.328125,26804,0.0,0.0
3641,3641.0,3641.0,3641.0,3641.0,3641.0,3641.0,2022-09-06 00:00:00+05:30,2960.5084166675383,2999.6274769985826,2946.3779401229995,2957.08740234375,25339,0.0,0.0
3642,3642.0,3642.0,3642.0,3642.0,3642.0,3642.0,2022-09-07 00:00:00+05:30,2952.6742966660436,2986.7362763358983,2937.89937009103,2945.485107421875,24369,0.0,0.0
3643,3643.0,3643.0,3643.0,3643.0,3643.0,3643.0,2022-09-08 00:00:00+05:30,2967.8957067471338,3093.7312147166112,2955.004746443855,3019.757080078125,132549,0.0,0.0
3644,3644.0,3644.0,3644.0,3644.0,3644.0,3644.0,2022-09-09 00:00:00+05:30,3058.0330648767776,3072.7089752861266,2969.8788285395694,2989.61181640625,57473,0.0,0.0
3645,3645.0,3645.0,3645.0,3645.0,3645.0,3645.0,2022-09-12 00:00:00+05:30,3043.258127977541,3043.258127977541,2997.643962488142,3005.0810546875,39933,0.0,0.0
3646,3646.0,3646.0,3646.0,3646.0,3646.0,3646.0,2022-09-13 00:00:00+05:30,3018.120832158368,3122.587290065174,3009.5434821682447,3105.977783203125,120618,0.0,0.0
3647,3647.0,3647.0,3647.0,3647.0,3647.0,3647.0,2022-09-14 00:00:00+05:30,3073.9980833981567,3172.167699609904,3048.4640670602525,3094.177490234375,96943,0.0,0.0
3648,3648.0,3648.0,3648.0,3648.0,3648.0,3648.0,2022-09-15 00:00:00+05:30,3128.3882316261565,3147.67504287497,3098.7885069704344,3104.986083984375,35444,0.0,0.0
3649,3649.0,3649.0,3649.0,3649.0,3649.0,3649.0,2022-09-16 00:00:00+05:30,3104.738231064869,3116.439305074806,2987.5793301376184,3014.997314453125,56559,0.0,0.0
3650,3650.0,3650.0,3650.0,3650.0,3650.0,3650.0,2022-09-19 00:00:00+05:30,3013.5100458079814,3049.05944673931,2915.4890644601005,2938.643310546875,62024,0.0,0.0
3651,3651.0,3651.0,3651.0,3651.0,3651.0,3651.0,2022-09-20 00:00:00+05:30,2964.9209205014417,3012.865474364085,2946.625721099528,2960.1611328125,27191,0.0,0.0
3652,3652.0,3652.0,3652.0,3652.0,3652.0,3652.0,2022-09-21 00:00:00+05:30,2957.9796445691964,2994.6693015752508,2945.088683999502,2954.707275390625,16525,0.0,0.0
3653,3653.0,3653.0,3653.0,3653.0,3653.0,3653.0,2022-09-22 00:00:00+05:30,2946.080077622614,2999.6271406288815,2946.080077622614,2972.258544921875,27615,0.0,0.0
3654,3654.0,3654.0,3654.0,3654.0,3654.0,3654.0,2022-09-23 00:00:00+05:30,2977.812001539713,3014.501659900342,2935.172668850333,2950.939208984375,26489,0.0,0.0
3655,3655.0,3655.0,3655.0,3655.0,3655.0,3655.0,2022-09-26 00:00:00+05:30,2920.2984177677044,2925.20685056066,2852.4722287728255,2876.3203125,26913,0.0,0.0
3656,3656.0,3656.0,3656.0,3656.0,3656.0,3656.0,2022-09-27 00:00:00+05:30,2882.0220638911765,2911.820063703186,2824.558176095117,2838.73828125,29397,0.0,0.0
3657,3657.0,3657.0,3657.0,3657.0,3657.0,3657.0,2022-09-28 00:00:00+05:30,2838.7383626973724,2846.1258265666675,2791.38887118788,2815.137939453125,23011,0.0,0.0
3658,3658.0,3658.0,3658.0,3658.0,3658.0,3658.0,2022-09-29 00:00:00+05:30,2833.3835567777505,2885.939009689313,2826.6901736239197,2858.322509765625,27710,0.0,0.0
3659,3659.0,3659.0,3659.0,3659.0,3659.0,3659.0,2022-09-30 00:00:00+05:30,2845.927471864834,2857.826820179251,2818.261583870958,2844.88623046875,23340,0.0,0.0
3660,3660.0,3660.0,3660.0,3660.0,3660.0,3660.0,2022-10-03 00:00:00+05:30,2859.115901156014,2898.730765620896,2845.9274086485834,2887.624755859375,24685,0.0,0.0
3661,3661.0,3661.0,3661.0,3661.0,3661.0,3661.0,2022-10-04 00:00:00+05:30,2906.4158651509556,2937.2054777499916,2883.658409610056,2891.59130859375,20386,0.0,0.0
3662,3662.0,3662.0,3662.0,3662.0,3662.0,3662.0,2022-10-06 00:00:00+05:30,2913.009771254892,2936.11438622378,2888.1700768568303,2897.193603515625,18903,0.0,0.0
3663,3663.0,3663.0,3663.0,3663.0,3663.0,3663.0,2022-10-07 00:00:00+05:30,2900.466074864328,2915.0427277450754,2887.9222756853906,2895.01220703125,13139,0.0,0.0
3664,3664.0,3664.0,3664.0,3664.0,3664.0,3664.0,2022-10-10 00:00:00+05:30,2885.5919226373603,2890.500355324306,2853.265263367922,2860.5537109375,16851,0.0,0.0
3665,3665.0,3665.0,3665.0,3665.0,3665.0,3665.0,2022-10-11 00:00:00+05:30,2865.759858371637,2893.2771026864516,2826.0953620619953,2836.70556640625,17989,0.0,0.0
3666,3666.0,3666.0,3666.0,3666.0,3666.0,3666.0,2022-10-12 00:00:00+05:30,2845.9273755919917,2865.7596221117965,2801.304820922431,2807.006591796875,22694,0.0,0.0
3667,3667.0,3667.0,3667.0,3667.0,3667.0,3667.0,2022-10-13 00:00:00+05:30,2803.684700723577,2850.8855460801706,2801.255298850707,2821.33544921875,20468,0.0,0.0
3668,3668.0,3668.0,3668.0,3668.0,3668.0,3668.0,2022-10-14 00:00:00+05:30,2842.654910011116,2880.6337092260214,2839.729702167304,2859.95849609375,22445,0.0,0.0
3669,3669.0,3669.0,3669.0,3669.0,3669.0,3669.0,2022-10-17 00:00:00+05:30,2843.7459112440743,2898.3836058104143,2840.969348279192,2869.52783203125,117141,0.0,0.0
3670,3670.0,3670.0,3670.0,3670.0,3670.0,3670.0,2022-10-18 00:00:00+05:30,2964.9209229695994,2964.9209229695994,2878.7992936375026,2893.574462890625,26051,0.0,0.0
3671,3671.0,3671.0,3671.0,3671.0,3671.0,3671.0,2022-10-19 00:00:00+05:30,2893.5744304406307,2915.340272834549,2881.1296471839396,2903.7880859375,19507,0.0,0.0
3672,3672.0,3672.0,3672.0,3672.0,3672.0,3672.0,2022-10-20 00:00:00+05:30,2903.7880988143866,2965.912515209567,2879.4935964330307,2951.038330078125,34480,0.0,0.0
3673,3673.0,3673.0,3673.0,3673.0,3673.0,3673.0,2022-10-21 00:00:00+05:30,2951.0383623787347,2962.937710614133,2915.34031767254,2924.661376953125,21290,0.0,0.0
3674,3674.0,3674.0,3674.0,3674.0,3674.0,3674.0,2022-10-24 00:00:00+05:30,2946.7743687158363,2968.738727499003,2925.256429163948,2948.212158203125,8995,0.0,0.0
3675,3675.0,3675.0,3675.0,3675.0,3675.0,3675.0,2022-10-25 00:00:00+05:30,2947.865250832215,2964.92093488186,2921.141346342738,2950.840087890625,11535,0.0,0.0
3676,3676.0,3676.0,3676.0,3676.0,3676.0,3676.0,2022-10-27 00:00:00+05:30,2950.046754348331,3004.4367888244683,2895.4584458198847,2951.18701171875,30372,0.0,0.0
3677,3677.0,3677.0,3677.0,3677.0,3677.0,3677.0,2022-10-28 00:00:00+05:30,2945.088700270645,2970.5730894268054,2928.9749994695007,2943.45263671875,14323,0.0,0.0
3678,3678.0,3678.0,3678.0,3678.0,3678.0,3678.0,2022-10-31 00:00:00+05:30,2926.2480131202597,2950.046709262207,2912.216795357046,2928.3798828125,25170,0.0,0.0
3679,3679.0,3679.0,3679.0,3679.0,3679.0,3679.0,2022-11-01 00:00:00+05:30,2916.381383764567,2943.848995871689,2916.381383764567,2934.626953125,23997,0.0,0.0
3680,3680.0,3680.0,3680.0,3680.0,3680.0,3680.0,2022-11-02 00:00:00+05:30,2934.1808490668263,2955.00470774557,2925.2563382045073,2946.87353515625,18260,0.0,0.0
3681,3681.0,3681.0,3681.0,3681.0,3681.0,3681.0,2022-11-03 00:00:00+05:30,2935.172624561073,3023.426125772538,2935.172624561073,3007.014892578125,44660,0.0,0.0
3682,3682.0,3682.0,3682.0,3682.0,3682.0,3682.0,2022-11-04 00:00:00+05:30,3024.4175320270465,3038.7462814241458,2978.1092857749068,2987.1328125,31449,0.0,0.0
3683,3683.0,3683.0,3683.0,3683.0,3683.0,3683.0,2022-11-07 00:00:00+05:30,2999.6272817204226,3016.4846912375288,2826.590931088947,2927.884033203125,101233,0.0,0.0
3684,3684.0,3684.0,3684.0,3684.0,3684.0,3684.0,2022-11-09 00:00:00+05:30,2925.256364040805,2925.256364040805,2857.033387538842,2879.741455078125,40440,0.0,0.0
3685,3685.0,3685.0,3685.0,3685.0,3685.0,3685.0,2022-11-10 00:00:00+05:30,2872.7008332599944,2872.7008332599944,2836.011178157951,2847.1171875,20673,0.0,0.0
3686,3686.0,3686.0,3686.0,3686.0,3686.0,3686.0,2022-11-11 00:00:00+05:30,2867.7429758986927,2891.492043757013,2838.589669038943,2844.68798828125,18090,0.0,0.0
3687,3687.0,3687.0,3687.0,3687.0,3687.0,3687.0,2022-11-14 00:00:00+05:30,2843.9442199659875,2849.8938940663347,2810.5269321876085,2833.1357421875,18929,0.0,0.0
3688,3688.0,3688.0,3688.0,3688.0,3688.0,3688.0,2022-11-15 00:00:00+05:30,2833.135937547163,2840.9695788156473,2821.137330446952,2824.21142578125,10949,0.0,0.0
3689,3689.0,3689.0,3689.0,3689.0,3689.0,3689.0,2022-11-16 00:00:00+05:30,2836.358386897901,2836.4077738394553,2776.5144867481704,2801.404052734375,19049,0.0,0.0
3690,3690.0,3690.0,3690.0,3690.0,3690.0,3690.0,2022-11-17 00:00:00+05:30,2796.396562482805,2839.928249467725,2781.4727476286484,2800.908447265625,21985,0.0,0.0
3691,3691.0,3691.0,3691.0,3691.0,3691.0,3691.0,2022-11-18 00:00:00+05:30,2814.8899784217824,2840.969432098361,2775.2254837328,2779.3408203125,29127,0.0,0.0
3692,3692.0,3692.0,3692.0,3692.0,3692.0,3692.0,2022-11-21 00:00:00+05:30,2782.414677149958,2837.0029864579083,2739.9242324127645,2757.37646484375,30687,0.0,0.0
3693,3693.0,3693.0,3693.0,3693.0,3693.0,3693.0,2022-11-22 00:00:00+05:30,2760.6488839291987,2857.826897803143,2760.6488839291987,2843.250244140625,36525,0.0,0.0
3694,3694.0,3694.0,3694.0,3694.0,3694.0,3694.0,2022-11-23 00:00:00+05:30,2850.8855383694454,2875.675847398745,2805.3209987921655,2831.003662109375,23487,0.0,0.0
3695,3695.0,3695.0,3695.0,3695.0,3695.0,3695.0,2022-11-24 00:00:00+05:30,2836.0114397672046,2868.1892134536815,2784.4475954078007,2793.520751953125,21132,0.0,0.0
3696,3696.0,3696.0,3696.0,3696.0,3696.0,3696.0,2022-11-25 00:00:00+05:30,2793.372014913252,2869.5775215289136,2787.1744376703664,2846.81982421875,40977,0.0,0.0
3697,3697.0,3697.0,3697.0,3697.0,3697.0,3697.0,2022-11-28 00:00:00+05:30,2846.819800904092,2860.107551659732,2780.778563600483,2788.860107421875,39881,0.0,0.0
3698,3698.0,3698.0,3698.0,3698.0,3698.0,3698.0,2022-11-29 00:00:00+05:30,2810.774871319053,2824.1120091797884,2787.4223517571577,2800.957763671875,20862,0.0,0.0
3699,3699.0,3699.0,3699.0,3699.0,3699.0,3699.0,2022-11-30 00:00:00+05:30,2806.263109617153,2821.13729571053,2786.480490531536,2797.884033203125,16251,0.0,0.0
3700,3700.0,3700.0,3700.0,3700.0,3700.0,3700.0,2022-12-01 00:00:00+05:30,2815.931216954616,2833.4330783811383,2799.321709820541,2805.519287109375,19457,0.0,0.0
3701,3701.0,3701.0,3701.0,3701.0,3701.0,3701.0,2022-12-02 00:00:00+05:30,2805.519074820917,2823.9631602740023,2799.37112703417,2805.32080078125,13728,0.0,0.0
3702,3702.0,3702.0,3702.0,3702.0,3702.0,3702.0,2022-12-05 00:00:00+05:30,2798.5778233287483,2824.1118401418285,2756.6822035092287,2775.07666015625,44332,0.0,0.0
3703,3703.0,3703.0,3703.0,3703.0,3703.0,3703.0,2022-12-06 00:00:00+05:30,2776.5145918014405,2816.1294569337497,2774.531367093011,2793.421630859375,24434,0.0,0.0
3704,3704.0,3704.0,3704.0,3704.0,3704.0,3704.0,2022-12-07 00:00:00+05:30,2793.4215788614315,2801.255219476766,2766.648045796006,2770.267333984375,15335,0.0,0.0
3705,3705.0,3705.0,3705.0,3705.0,3705.0,3705.0,2022-12-08 00:00:00+05:30,2758.665507066647,2788.116344902526,2756.682282403048,2759.557861328125,17488,0.0,0.0
3706,3706.0,3706.0,3706.0,3706.0,3706.0,3706.0,2022-12-09 00:00:00+05:30,2771.655914258302,2801.305028161697,2750.7327957948837,2768.383544921875,16648,0.0,0.0
3707,3707.0,3707.0,3707.0,3707.0,3707.0,3707.0,2022-12-12 00:00:00+05:30,2746.7662281544203,2779.1919038010647,2746.7662281544203,2751.4267578125,20877,0.0,0.0
3708,3708.0,3708.0,3708.0,3708.0,3708.0,3708.0,2022-12-13 00:00:00+05:30,2772.2505286407013,2786.430633307062,2758.6654882064936,2768.531982421875,13141,0.0,0.0
3709,3709.0,3709.0,3709.0,3709.0,3709.0,3709.0,2022-12-14 00:00:00+05:30,2768.5318636351726,2798.5281351800163,2758.6653698431232,2767.738525390625,13070,0.0,0.0
3710,3710.0,3710.0,3710.0,3710.0,3710.0,3710.0,2022-12-15 00:00:00+05:30,2767.5900357016144,2808.1965125291845,2766.152246229907,2794.859375,28699,0.0,0.0
3711,3711.0,3711.0,3711.0,3711.0,3711.0,3711.0,2022-12-16 00:00:00+05:30,2790.5953957020724,2790.5953957020724,2726.933931963531,2742.502197265625,20792,0.0,0.0
3712,3712.0,3712.0,3712.0,3712.0,3712.0,3712.0,2022-12-19 00:00:00+05:30,2754.252820200541,2759.012607707355,2726.933852640068,2731.84228515625,12554,0.0,0.0
3713,3713.0,3713.0,3713.0,3713.0,3713.0,3713.0,2022-12-20 00:00:00+05:30,2728.917230499362,2756.9302798313415,2717.017882110557,2720.488525390625,17730,0.0,0.0
3714,3714.0,3714.0,3714.0,3714.0,3714.0,3714.0,2022-12-21 00:00:00+05:30,2720.48825117503,2741.014576658166,2688.26085253709,2700.656005859375,20290,0.0,0.0
3715,3715.0,3715.0,3715.0,3715.0,3715.0,3715.0,2022-12-22 00:00:00+05:30,2773.539783851819,2805.2713795197697,2677.254126409736,2685.88134765625,68097,0.0,0.0
3716,3716.0,3716.0,3716.0,3716.0,3716.0,3716.0,2022-12-23 00:00:00+05:30,2657.5208931710326,2682.3112000103147,2578.19191128533,2591.18212890625,45115,0.0,0.0
3717,3717.0,3717.0,3717.0,3717.0,3717.0,3717.0,2022-12-26 00:00:00+05:30,2591.182408863692,2678.6425724235132,2578.2418188768875,2670.2138671875,42712,0.0,0.0
3718,3718.0,3718.0,3718.0,3718.0,3718.0,3718.0,2022-12-27 00:00:00+05:30,2697.9789817419214,2726.934014495446,2673.0397854081816,2702.73876953125,12621,0.0,0.0
3719,3719.0,3719.0,3719.0,3719.0,3719.0,3719.0,2022-12-28 00:00:00+05:30,2702.1437998670663,2702.639606068877,2666.4457533367126,2669.817138671875,14967,0.0,0.0
3720,3720.0,3720.0,3720.0,3720.0,3720.0,3720.0,2022-12-29 00:00:00+05:30,2669.420506725228,2669.420506725228,2617.8566633560927,2626.483642578125,22052,0.0,0.0
3721,3721.0,3721.0,3721.0,3721.0,3721.0,3721.0,2022-12-30 00:00:00+05:30,2632.7306208452505,2666.2967935828065,2622.764868946646,2639.4736328125,16486,0.0,0.0
3722,3722.0,3722.0,3722.0,3722.0,3722.0,3722.0,2023-01-02 00:00:00+05:30,2650.976327655142,2658.6119363322664,2617.856572402047,2639.37451171875,17081,0.0,0.0
3723,3723.0,3723.0,3723.0,3723.0,3723.0,3723.0,2023-01-03 00:00:00+05:30,2657.223547194757,2681.6669367061227,2635.705607769611,2664.313720703125,23512,0.0,0.0
3724,3724.0,3724.0,3724.0,3724.0,3724.0,3724.0,2023-01-04 00:00:00+05:30,2665.453747099768,2712.654587375127,2657.7687521072,2671.155517578125,29889,0.0,0.0
3725,3725.0,3725.0,3725.0,3725.0,3725.0,3725.0,2023-01-05 00:00:00+05:30,2670.3623076056024,2707.1015919144393,2648.596465935336,2684.592041015625,26941,0.0,0.0
3726,3726.0,3726.0,3726.0,3726.0,3726.0,3726.0,2023-01-06 00:00:00+05:30,2697.08622693189,2714.0428942813464,2661.2395387386055,2695.6484375,21589,0.0,0.0
3727,3727.0,3727.0,3727.0,3727.0,3727.0,3727.0,2023-01-09 00:00:00+05:30,2707.101737601294,2715.976619787679,2652.5630579060303,2660.59521484375,14605,0.0,0.0
3728,3728.0,3728.0,3728.0,3728.0,3728.0,3728.0,2023-01-10 00:00:00+05:30,2658.066353459718,2712.059593847361,2652.8603889742703,2705.3662109375,24634,0.0,0.0
3729,3729.0,3729.0,3729.0,3729.0,3729.0,3729.0,2023-01-11 00:00:00+05:30,2712.059818339572,2737.9903848477943,2680.1299486043845,2708.192626953125,20156,0.0,0.0
3730,3730.0,3730.0,3730.0,3730.0,3730.0,3730.0,2023-01-12 00:00:00+05:30,2710.175872832897,2753.707559160002,2677.3534064573296,2727.677734375,28217,0.0,0.0
3731,3731.0,3731.0,3731.0,3731.0,3731.0,3731.0,2023-01-13 00:00:00+05:30,2747.757725812795,2756.682236650873,2667.4371282700895,2680.179443359375,18189,0.0,0.0
3732,3732.0,3732.0,3732.0,3732.0,3732.0,3732.0,2023-01-16 00:00:00+05:30,2680.1794056045696,2730.8506489490487,2677.3532137085167,2706.209228515625,16885,0.0,0.0
3733,3733.0,3733.0,3733.0,3733.0,3733.0,3733.0,2023-01-17 00:00:00+05:30,2714.0429653037354,2714.0429653037354,2656.727723829061,2669.42041015625,10054,0.0,0.0
3734,3734.0,3734.0,3734.0,3734.0,3734.0,3734.0,2023-01-18 00:00:00+05:30,2669.420553933745,2689.2031726960695,2667.437329153705,2669.66845703125,8174,0.0,0.0
3735,3735.0,3735.0,3735.0,3735.0,3735.0,3735.0,2023-01-19 00:00:00+05:30,2669.4204183394786,2688.310681828394,2635.7055987913573,2651.670654296875,8456,0.0,0.0
3736,3736.0,3736.0,3736.0,3736.0,3736.0,3736.0,2023-01-20 00:00:00+05:30,2653.45553915198,2672.3954329349763,2607.2961753483105,2635.55712890625,19647,0.0,0.0
3737,3737.0,3737.0,3737.0,3737.0,3737.0,3737.0,2023-01-23 00:00:00+05:30,2610.4689764574873,2631.8876566165463,2579.2828184272425,2583.249267578125,18024,0.0,0.0
3738,3738.0,3738.0,3738.0,3738.0,3738.0,3738.0,2023-01-24 00:00:00+05:30,2583.150162144507,2647.6049646548304,2583.150162144507,2594.20654296875,19566,0.0,0.0
3739,3739.0,3739.0,3739.0,3739.0,3739.0,3739.0,2023-01-25 00:00:00+05:30,2588.604003750664,2626.781078695847,2584.538296334944,2612.848876953125,12052,0.0,0.0
3740,3740.0,3740.0,3740.0,3740.0,3740.0,3740.0,2023-01-27 00:00:00+05:30,2627.772597873733,2697.185458949643,2577.0517255104032,2585.33154296875,18742,0.0,0.0
3741,3741.0,3741.0,3741.0,3741.0,3741.0,3741.0,2023-01-30 00:00:00+05:30,2585.331831863817,2620.236540343808,2568.474420861669,2577.74609375,15278,0.0,0.0
3742,3742.0,3742.0,3742.0,3742.0,3742.0,3742.0,2023-01-31 00:00:00+05:30,2583.0017068021507,2632.730972784259,2572.242615217464,2607.24658203125,17578,0.0,0.0
3743,3743.0,3743.0,3743.0,3743.0,3743.0,3743.0,2023-02-01 00:00:00+05:30,2624.252376862939,2665.453917193485,2607.9900316457743,2644.6796875,19198,0.0,0.0
3744,3744.0,3744.0,3744.0,3744.0,3744.0,3744.0,2023-02-02 00:00:00+05:30,2638.928286613433,2704.1267966537653,2618.6498630879005,2662.776611328125,30552,0.0,0.0
3745,3745.0,3745.0,3745.0,3745.0,3745.0,3745.0,2023-02-03 00:00:00+05:30,2664.412735251054,2667.5364593856307,2609.0313311783666,2615.82373046875,15779,0.0,0.0
3746,3746.0,3746.0,3746.0,3746.0,3746.0,3746.0,2023-02-06 00:00:00+05:30,2617.8565097590476,2668.428737788484,2607.6924835374452,2631.689453125,13474,0.0,0.0
3747,3747.0,3747.0,3747.0,3747.0,3747.0,3747.0,2023-02-07 00:00:00+05:30,2628.764446073426,2628.764446073426,2578.1922141798973,2616.96435546875,17679,0.0,0.0
3748,3748.0,3748.0,3748.0,3748.0,3748.0,3748.0,2023-02-08 00:00:00+05:30,2616.865055889222,2617.8566682635637,2588.108297033296,2596.437744140625,20494,0.0,0.0
3749,3749.0,3749.0,3749.0,3749.0,3749.0,3749.0,2023-02-09 00:00:00+05:30,2593.0661625423854,2613.4934727441023,2558.3597320685867,2584.984619140625,34878,0.0,0.0
3750,3750.0,3750.0,3750.0,3750.0,3750.0,3750.0,2023-02-10 00:00:00+05:30,2568.275968152223,2601.990787811364,2562.3262940947275,2583.497314453125,17597,0.0,0.0
3751,3751.0,3751.0,3751.0,3751.0,3751.0,3751.0,2023-02-13 00:00:00+05:30,2579.183712468402,2583.4973230115193,2528.611482812159,2539.56884765625,19009,0.0,0.0
3752,3752.0,3752.0,3752.0,3752.0,3752.0,3752.0,2023-02-14 00:00:00+05:30,2532.577730607403,2552.9554111183675,2493.706578148989,2497.72265625,24728,0.0,0.0
3753,3753.0,3753.0,3753.0,3753.0,3753.0,3753.0,2023-02-15 00:00:00+05:30,2497.722683023039,2520.3808783173263,2466.139735134819,2485.228271484375,15648,0.0,0.0
3754,3754.0,3754.0,3754.0,3754.0,3754.0,3754.0,2023-02-16 00:00:00+05:30,2485.2282298065006,2517.405999266126,2479.030653173567,2500.895751953125,18445,0.0,0.0
3755,3755.0,3755.0,3755.0,3755.0,3755.0,3755.0,2023-02-17 00:00:00+05:30,2498.8631472859347,2553.005278980941,2484.435139028866,2517.40625,22103,0.0,0.0
3756,3756.0,3756.0,3756.0,3756.0,3756.0,3756.0,2023-02-20 00:00:00+05:30,2528.6115239267156,2534.8091011912416,2488.897400397059,2511.60546875,13484,0.0,0.0
3757,3757.0,3757.0,3757.0,3757.0,3757.0,3757.0,2023-02-21 00:00:00+05:30,2519.290428764275,2546.410881232801,2479.0308705887696,2515.6708984375,16180,0.0,0.0
3758,3758.0,3758.0,3758.0,3758.0,3758.0,3758.0,2023-02-22 00:00:00+05:30,2494.9463913436853,2526.5787296089056,2479.030964135363,2490.8310546875,13357,0.0,0.0
3759,3759.0,3759.0,3759.0,3759.0,3759.0,3759.0,2023-02-23 00:00:00+05:30,2490.830836992995,2525.636525524643,2481.063601103662,2508.382568359375,16309,0.0,0.0
3760,3760.0,3760.0,3760.0,3760.0,3760.0,3760.0,2023-02-24 00:00:00+05:30,2515.422894494449,2538.5275097005274,2482.0056081173516,2491.673828125,13080,0.0,0.0
3761,3761.0,3761.0,3761.0,3761.0,3761.0,3761.0,2023-02-27 00:00:00+05:30,2491.673884509418,2512.7456465413848,2460.1901930028316,2500.945556640625,19262,0.0,0.0
3762,3762.0,3762.0,3762.0,3762.0,3762.0,3762.0,2023-02-28 00:00:00+05:30,2500.945697841424,2505.606227641287,2474.0729053192463,2480.81591796875,9451,0.0,0.0
3763,3763.0,3763.0,3763.0,3763.0,3763.0,3763.0,2023-03-01 00:00:00+05:30,2493.6075346651996,2511.8533472087597,2480.171138868895,2485.97216796875,14445,0.0,0.0
3764,3764.0,3764.0,3764.0,3764.0,3764.0,3764.0,2023-03-02 00:00:00+05:30,2498.863092880494,2525.636626018499,2485.079778213256,2491.971435546875,14885,0.0,0.0
3765,3765.0,3765.0,3765.0,3765.0,3765.0,3765.0,2023-03-03 00:00:00+05:30,2502.2343941688086,2507.2917137625977,2481.5097938267354,2485.1787109375,13577,0.0,0.0
3766,3766.0,3766.0,3766.0,3766.0,3766.0,3766.0,2023-03-06 00:00:00+05:30,2481.0141292327667,2500.499215305064,2462.272752431822,2473.130859375,32035,0.0,0.0
3767,3767.0,3767.0,3767.0,3767.0,3767.0,3767.0,2023-03-08 00:00:00+05:30,2473.1309821585273,2519.637507398884,2461.7274394316332,2490.4345703125,25303,0.0,0.0
3768,3768.0,3768.0,3768.0,3768.0,3768.0,3768.0,2023-03-09 00:00:00+05:30,2490.9302016078973,2518.695347167221,2473.0811794626175,2482.30322265625,18771,0.0,0.0
3769,3769.0,3769.0,3769.0,3769.0,3769.0,3769.0,2023-03-10 00:00:00+05:30,2477.3948390105597,2497.177457194489,2464.20634619032,2475.064453125,14532,0.0,0.0
3770,3770.0,3770.0,3770.0,3770.0,3770.0,3770.0,2023-03-13 00:00:00+05:30,2464.1566025840793,2476.0559503631575,2426.0291574938537,2436.1435546875,18556,0.0,0.0
3771,3771.0,3771.0,3771.0,3771.0,3771.0,3771.0,2023-03-14 00:00:00+05:30,2443.481379439872,2452.3565032980605,2350.1211771915337,2356.913818359375,26561,0.0,0.0
3772,3772.0,3772.0,3772.0,3772.0,3772.0,3772.0,2023-03-15 00:00:00+05:30,2369.3091566975354,2401.833849357776,2330.2891123828285,2345.361572265625,18120,0.0,0.0
3773,3773.0,3773.0,3773.0,3773.0,3773.0,3773.0,2023-03-16 00:00:00+05:30,2345.1630466893093,2345.1630466893093,2289.632758903009,2294.5908203125,18705,0.0,0.0
3774,3774.0,3774.0,3774.0,3774.0,3774.0,3774.0,2023-03-17 00:00:00+05:30,2295.5826043347147,2325.6285071426355,2281.7000313495373,2284.2783203125,16451,0.0,0.0
3775,3775.0,3775.0,3775.0,3775.0,3775.0,3775.0,2023-03-20 00:00:00+05:30,2310.456822813735,2356.070991847826,2276.4940991307435,2320.620849609375,54723,0.0,0.0
3776,3776.0,3776.0,3776.0,3776.0,3776.0,3776.0,2023-03-21 00:00:00+05:30,2320.620855411908,2338.023700972871,2290.624581135138,2296.722900390625,21263,0.0,0.0
3777,3777.0,3777.0,3777.0,3777.0,3777.0,3777.0,2023-03-22 00:00:00+05:30,2312.0434449140307,2319.926714653467,2289.632909036513,2293.252197265625,12773,0.0,0.0
3778,3778.0,3778.0,3778.0,3778.0,3778.0,3778.0,2023-03-23 00:00:00+05:30,2299.4498325515037,2316.9023071355296,2281.8983419859983,2284.427001953125,12816,0.0,0.0
3779,3779.0,3779.0,3779.0,3779.0,3779.0,3779.0,2023-03-24 00:00:00+05:30,2290.624504536433,2310.9525574987697,2270.79225774391,2276.0478515625,17863,0.0,0.0
3780,3780.0,3780.0,3780.0,3780.0,3780.0,3780.0,2023-03-27 00:00:00+05:30,2282.6419924728857,2282.6419924728857,2181.5471621717265,2206.287841796875,27225,0.0,0.0
3781,3781.0,3781.0,3781.0,3781.0,3781.0,3781.0,2023-03-28 00:00:00+05:30,2201.379356569733,2214.2206877311523,2128.0993027534937,2134.643798828125,35596,0.0,0.0
3782,3782.0,3782.0,3782.0,3782.0,3782.0,3782.0,2023-03-29 00:00:00+05:30,2143.6178561682696,2166.672841784512,2131.966411824577,2154.02978515625,33477,0.0,0.0
3783,3783.0,3783.0,3783.0,3783.0,3783.0,3783.0,2023-03-31 00:00:00+05:30,2166.672865706339,2185.2655962472977,2131.966435363217,2137.321044921875,40576,0.0,0.0
3784,3784.0,3784.0,3784.0,3784.0,3784.0,3784.0,2023-04-03 00:00:00+05:30,2178.522486511296,2214.2701565799784,2147.8321357600685,2198.0078125,38284,0.0,0.0
3785,3785.0,3785.0,3785.0,3785.0,3785.0,3785.0,2023-04-05 00:00:00+05:30,2215.2621814268455,2238.6147027069264,2198.6030440879604,2207.725830078125,18615,0.0,0.0
3786,3786.0,3786.0,3786.0,3786.0,3786.0,3786.0,2023-04-06 00:00:00+05:30,2217.2451869779197,2235.342112139971,2193.4464908744,2225.27734375,16310,0.0,0.0
3787,3787.0,3787.0,3787.0,3787.0,3787.0,3787.0,2023-04-10 00:00:00+05:30,2240.0522052770716,2269.800574537059,2201.379325239088,2219.52587890625,30854,0.0,0.0
3788,3788.0,3788.0,3788.0,3788.0,3788.0,3788.0,2023-04-11 00:00:00+05:30,2230.136180694544,2414.5760782530965,2224.1865065797515,2358.599609375,125004,0.0,0.0
3789,3789.0,3789.0,3789.0,3789.0,3789.0,3789.0,2023-04-12 00:00:00+05:30,2374.9115572427495,2460.2894766596837,2347.9893790155324,2401.48681640625,112892,0.0,0.0
3790,3790.0,3790.0,3790.0,3790.0,3790.0,3790.0,2023-04-13 00:00:00+05:30,2399.6026905532576,2426.4754827655347,2381.505764701001,2406.345703125,30204,0.0,0.0
3791,3791.0,3791.0,3791.0,3791.0,3791.0,3791.0,2023-04-17 00:00:00+05:30,2405.7011914779036,2441.002445901878,2360.0373943163618,2372.482177734375,28438,0.0,0.0
3792,3792.0,3792.0,3792.0,3792.0,3792.0,3792.0,2023-04-18 00:00:00+05:30,2393.7027162304144,2419.534267794914,2379.869771601555,2412.4443359375,14034,0.0,0.0
3793,3793.0,3793.0,3793.0,3793.0,3793.0,3793.0,2023-04-19 00:00:00+05:30,2427.665268574036,2444.621936328821,2411.254036021722,2422.7568359375,17207,0.0,0.0
3794,3794.0,3794.0,3794.0,3794.0,3794.0,3794.0,2023-04-20 00:00:00+05:30,2429.450241162312,2450.9681805940354,2341.2960006772796,2377.5888671875,25886,0.0,0.0
3795,3795.0,3795.0,3795.0,3795.0,3795.0,3795.0,2023-04-21 00:00:00+05:30,2378.87803897768,2393.206789084838,2311.448398856595,2334.70166015625,18539,0.0,0.0
3796,3796.0,3796.0,3796.0,3796.0,3796.0,3796.0,2023-04-24 00:00:00+05:30,2340.155545522359,2358.9961804022832,2320.37292731701,2329.594970703125,11735,0.0,0.0
3797,3797.0,3797.0,3797.0,3797.0,3797.0,3797.0,2023-04-25 00:00:00+05:30,2337.527683517725,2341.890680726503,2300.6397550026454,2316.902099609375,11495,0.0,0.0
3798,3798.0,3798.0,3798.0,3798.0,3798.0,3798.0,2023-04-26 00:00:00+05:30,2323.347809675449,2346.2045234858356,2317.596409444619,2328.1572265625,13175,0.0,0.0
3799,3799.0,3799.0,3799.0,3799.0,3799.0,3799.0,2023-04-27 00:00:00+05:30,2340.0069110620675,2340.0069110620675,2299.400433069397,2307.977783203125,12527,0.0,0.0
3800,3800.0,3800.0,3800.0,3800.0,3800.0,3800.0,2023-04-28 00:00:00+05:30,2322.058626701308,2360.0374286993706,2314.9190660918825,2344.171630859375,11289,0.0,0.0
3801,3801.0,3801.0,3801.0,3801.0,3801.0,3801.0,2023-05-02 00:00:00+05:30,2344.171656690399,2596.0412001757463,2344.171656690399,2562.177734375,290016,0.0,0.0
3802,3802.0,3802.0,3802.0,3802.0,3802.0,3802.0,2023-05-03 00:00:00+05:30,2528.61158721957,2586.125105673976,2519.687075735266,2555.831298828125,59238,0.0,0.0
3803,3803.0,3803.0,3803.0,3803.0,3803.0,3803.0,2023-05-04 00:00:00+05:30,2568.2759625239346,2612.40271168699,2519.5383128135672,2524.64501953125,51243,0.0,0.0
3804,3804.0,3804.0,3804.0,3804.0,3804.0,3804.0,2023-05-05 00:00:00+05:30,2528.6114617151734,2556.525252190691,2464.206288785352,2483.8896484375,37134,0.0,0.0
3805,3805.0,3805.0,3805.0,3805.0,3805.0,3805.0,2023-05-08 00:00:00+05:30,2488.946993001704,2541.5520764715666,2488.946993001704,2509.52294921875,30583,0.0,0.0
3806,3806.0,3806.0,3806.0,3806.0,3806.0,3806.0,2023-05-09 00:00:00+05:30,2525.8847556028563,2547.898503071761,2499.160849103973,2515.17529296875,18164,0.0,0.0
3807,3807.0,3807.0,3807.0,3807.0,3807.0,3807.0,2023-05-10 00:00:00+05:30,2518.695414866989,2538.428404154195,2508.8289202233855,2532.67724609375,16086,0.0,0.0
3808,3808.0,3808.0,3808.0,3808.0,3808.0,3808.0,2023-05-11 00:00:00+05:30,2543.4856785261627,2563.3179255322148,2489.542063506845,2534.114990234375,50640,0.0,0.0
3809,3809.0,3809.0,3809.0,3809.0,3809.0,3809.0,2023-05-12 00:00:00+05:30,2528.6114474059855,2559.3514297077836,2498.8630774365033,2519.389404296875,19013,0.0,0.0
3810,3810.0,3810.0,3810.0,3810.0,3810.0,3810.0,2023-05-15 00:00:00+05:30,2517.703568489939,2517.703568489939,2481.3114463832685,2492.962890625,23158,0.0,0.0
3811,3811.0,3811.0,3811.0,3811.0,3811.0,3811.0,2023-05-16 00:00:00+05:30,2482.005813357645,2541.5025567861144,2482.005813357645,2515.770263671875,22714,0.0,0.0
3812,3812.0,3812.0,3812.0,3812.0,3812.0,3812.0,2023-05-17 00:00:00+05:30,2532.429092242044,2532.577737245389,2498.8629200698433,2524.248291015625,24161,0.0,0.0
3813,3813.0,3813.0,3813.0,3813.0,3813.0,3813.0,2023-05-18 00:00:00+05:30,2541.056458373157,2543.48586038653,2510.7626504868203,2518.348388671875,14141,0.0,0.0
3814,3814.0,3814.0,3814.0,3814.0,3814.0,3814.0,2023-05-19 00:00:00+05:30,2518.6953449792895,2531.586305406349,2491.1781025292207,2508.481689453125,12135,0.0,0.0
3815,3815.0,3815.0,3815.0,3815.0,3815.0,3815.0,2023-05-22 00:00:00+05:30,2482.9476877428356,2487.9057494776175,2443.0352907778415,2456.81884765625,32226,0.0,0.0
3816,3816.0,3816.0,3816.0,3816.0,3816.0,3816.0,2023-05-23 00:00:00+05:30,2476.997954579834,2494.103267156836,2460.4877062339556,2483.740966796875,17739,0.0,0.0
3817,3817.0,3817.0,3817.0,3817.0,3817.0,3817.0,2023-05-24 00:00:00+05:30,2483.740978334758,2483.740978334758,2451.7118517246663,2460.190185546875,0,0.0,0.0
3818,3818.0,3818.0,3818.0,3818.0,3818.0,3818.0,2023-05-25 00:00:00+05:30,2482.9974355195513,2488.748835825511,2452.25745129387,2465.69384765625,12107,0.0,0.0
3819,3819.0,3819.0,3819.0,3819.0,3819.0,3819.0,2023-05-26 00:00:00+05:30,2449.3322125902832,2478.683793841914,2449.3322125902832,2457.810546875,11584,0.0,0.0
3820,3820.0,3820.0,3820.0,3820.0,3820.0,3820.0,2023-05-29 00:00:00+05:30,2474.221546040268,2474.221546040268,2443.4815620997433,2448.142333984375,18143,0.0,0.0
3821,3821.0,3821.0,3821.0,3821.0,3821.0,3821.0,2023-05-30 00:00:00+05:30,2472.039797078995,2514.0843032120138,2432.424934718115,2452.00927734375,26651,0.0,0.0
3822,3822.0,3822.0,3822.0,3822.0,3822.0,3822.0,2023-05-31 00:00:00+05:30,2459.0991680792504,2482.997120589794,2429.450058085062,2455.727783203125,27380,0.0,0.0
3823,3823.0,3823.0,3823.0,3823.0,3823.0,3823.0,2023-06-01 00:00:00+05:30,2471.64340946032,2471.64340946032,2443.3328284715926,2449.084228515625,18358,0.0,0.0
3824,3824.0,3824.0,3824.0,3824.0,3824.0,3824.0,2023-06-02 00:00:00+05:30,2465.396098485265,2465.396098485265,2414.5759677472583,2420.872802734375,23534,0.0,0.0
3825,3825.0,3825.0,3825.0,3825.0,3825.0,3825.0,2023-06-05 00:00:00+05:30,2456.917925328248,2469.1148059206457,2430.441923418274,2440.2587890625,18564,0.0,0.0
3826,3826.0,3826.0,3826.0,3826.0,3826.0,3826.0,2023-06-06 00:00:00+05:30,2456.471647336101,2456.471647336101,2428.458598981173,2442.4404296875,13176,0.0,0.0
3827,3827.0,3827.0,3827.0,3827.0,3827.0,3827.0,2023-06-07 00:00:00+05:30,2464.652278653901,2494.1031144340946,2450.86896504111,2487.01318359375,29716,0.0,0.0
3828,3828.0,3828.0,3828.0,3828.0,3828.0,3828.0,2023-06-08 00:00:00+05:30,2489.5419236209136,2574.225516741289,2489.5419236209136,2540.014892578125,88664,0.0,0.0
3829,3829.0,3829.0,3829.0,3829.0,3829.0,3829.0,2023-06-09 00:00:00+05:30,2563.466645080834,2577.547734538828,2480.3697213837067,2487.856201171875,52153,0.0,0.0
3830,3830.0,3830.0,3830.0,3830.0,3830.0,3830.0,2023-06-12 00:00:00+05:30,2523.6532613152012,2556.673998771804,2489.0460894608254,2544.427490234375,41981,0.0,0.0
3831,3831.0,3831.0,3831.0,3831.0,3831.0,3831.0,2023-06-13 00:00:00+05:30,2556.6245573261795,2661.4875639924235,2553.7983652739167,2642.151123046875,134772,0.0,0.0
3832,3832.0,3832.0,3832.0,3832.0,3832.0,3832.0,2023-06-14 00:00:00+05:30,2661.983413795298,2732.9333274614232,2657.4219000449625,2689.203125,89325,0.0,0.0
3833,3833.0,3833.0,3833.0,3833.0,3833.0,3833.0,2023-06-15 00:00:00+05:30,2702.094004918228,2753.707475776177,2653.5546291599026,2672.395263671875,48677,0.0,0.0
3834,3834.0,3834.0,3834.0,3834.0,3834.0,3834.0,2023-06-16 00:00:00+05:30,2707.052087256908,2739.477762692835,2683.402277958196,2726.140625,40187,0.0,0.0
3835,3835.0,3835.0,3835.0,3835.0,3835.0,3835.0,2023-06-19 00:00:00+05:30,2774.233979095809,2774.233979095809,2679.6342524261945,2702.490966796875,39900,0.0,0.0
3836,3836.0,3836.0,3836.0,3836.0,3836.0,3836.0,2023-06-20 00:00:00+05:30,2696.8383517915604,2712.010068720424,2659.5538737801453,2675.072509765625,31050,0.0,0.0
3837,3837.0,3837.0,3837.0,3837.0,3837.0,3837.0,2023-06-21 00:00:00+05:30,2692.2274651612815,2692.2274651612815,2596.041069536735,2615.327880859375,31984,0.0,0.0
3838,3838.0,3838.0,3838.0,3838.0,3838.0,3838.0,2023-06-22 00:00:00+05:30,2621.475843014524,2694.855155536614,2611.0145265927526,2630.251708984375,34382,0.0,0.0
3839,3839.0,3839.0,3839.0,3839.0,3839.0,3839.0,2023-06-23 00:00:00+05:30,2651.5712158482665,2662.429321810229,2578.1919077058687,2585.033935546875,23627,0.0,0.0
3840,3840.0,3840.0,3840.0,3840.0,3840.0,3840.0,2023-06-26 00:00:00+05:30,2585.034333841447,2637.441147338755,2541.7009192884257,2624.450927734375,33844,0.0,0.0
3841,3841.0,3841.0,3841.0,3841.0,3841.0,3841.0,2023-06-27 00:00:00+05:30,2649.5385891624983,2656.529504698699,2588.3065261109327,2614.038818359375,17833,0.0,0.0
3842,3842.0,3842.0,3842.0,3842.0,3842.0,3842.0,2023-06-28 00:00:00+05:30,2632.631565748301,2642.6469474519618,2618.8978797761724,2627.029052734375,16231,0.0,0.0
3843,3843.0,3843.0,3843.0,3843.0,3843.0,3843.0,2023-06-30 00:00:00+05:30,2636.4991127768844,2707.1018676463764,2635.160339191998,2702.490966796875,57422,0.0,0.0
3844,3844.0,3844.0,3844.0,3844.0,3844.0,3844.0,2023-07-03 00:00:00+05:30,2727.9254946880146,2727.9254946880146,2682.360956963032,2709.332763671875,25319,0.0,0.0
3845,3845.0,3845.0,3845.0,3845.0,3845.0,3845.0,2023-07-04 00:00:00+05:30,2719.285366850069,2722.519945472912,2682.212119557484,2687.78564453125,17478,10.0,0.0
3846,3846.0,3846.0,3846.0,3846.0,3846.0,3846.0,2023-07-05 00:00:00+05:30,2687.188225030103,2712.069597484085,2638.4207350202973,2651.956298828125,19711,0.0,0.0
3847,3847.0,3847.0,3847.0,3847.0,3847.0,3847.0,2023-07-06 00:00:00+05:30,2667.283185379313,2671.314016401411,2592.2410616103853,2614.48486328125,35701,0.0,0.0
3848,3848.0,3848.0,3848.0,3848.0,3848.0,3848.0,2023-07-07 00:00:00+05:30,2631.454084549563,2658.674404591306,2587.6628668036547,2598.063232421875,26086,0.0,0.0
3849,3849.0,3849.0,3849.0,3849.0,3849.0,3849.0,2023-07-10 00:00:00+05:30,2593.584500672222,2602.392603874804,2513.0186637899233,2519.288818359375,40503,0.0,0.0
3850,3850.0,3850.0,3850.0,3850.0,3850.0,3850.0,2023-07-11 00:00:00+05:30,2517.298404090161,2537.9001330443225,2488.1373853375712,2490.376708984375,34821,0.0,0.0
3851,3851.0,3851.0,3851.0,3851.0,3851.0,3851.0,2023-07-12 00:00:00+05:30,2493.113655416462,2512.4713156415255,2456.339033526812,2463.95263671875,36905,0.0,0.0
3852,3852.0,3852.0,3852.0,3852.0,3852.0,3852.0,2023-07-13 00:00:00+05:30,2488.087422911155,2503.066057657784,2443.74876880035,2449.123291015625,27537,0.0,0.0
3853,3853.0,3853.0,3853.0,3853.0,3853.0,3853.0,2023-07-14 00:00:00+05:30,2464.9477399361385,2486.644345156306,2440.31518138396,2449.173095703125,29575,0.0,0.0
3854,3854.0,3854.0,3854.0,3854.0,3854.0,3854.0,2023-07-17 00:00:00+05:30,2428.422027880965,2497.492622792584,2428.422027880965,2487.291259765625,40818,0.0,0.0
3855,3855.0,3855.0,3855.0,3855.0,3855.0,3855.0,2023-07-18 00:00:00+05:30,2503.5638589607784,2521.9262644282785,2467.237052818036,2486.6943359375,30206,0.0,0.0
3856,3856.0,3856.0,3856.0,3856.0,3856.0,3856.0,2023-07-19 00:00:00+05:30,2497.0946998331306,2503.26523200153,2463.2560311227576,2477.88623046875,15050,0.0,0.0
3857,3857.0,3857.0,3857.0,3857.0,3857.0,3857.0,2023-07-20 00:00:00+05:30,2478.234523202892,2493.660974220502,2446.3365549216605,2452.457275390625,29439,0.0,0.0
3858,3858.0,3858.0,3858.0,3858.0,3858.0,3858.0,2023-07-21 00:00:00+05:30,2452.4573718797487,2458.130519443539,2404.7847572780493,2423.54541015625,30696,0.0,0.0
3859,3859.0,3859.0,3859.0,3859.0,3859.0,3859.0,2023-07-24 00:00:00+05:30,2423.545385978397,2437.82714848612,2388.611840616516,2390.204345703125,36585,0.0,0.0
3860,3860.0,3860.0,3860.0,3860.0,3860.0,3860.0,2023-07-25 00:00:00+05:30,2418.4196115921523,2418.4694229339107,2391.348726730228,2404.78466796875,14792,0.0,0.0
3861,3861.0,3861.0,3861.0,3861.0,3861.0,3861.0,2023-07-26 00:00:00+05:30,2418.46940449224,2426.431443683984,2386.621247725264,2410.208740234375,22720,0.0,0.0
3862,3862.0,3862.0,3862.0,3862.0,3862.0,3862.0,2023-07-27 00:00:00+05:30,2410.5074173165226,2436.384045248079,2393.588083668966,2411.602294921875,23809,0.0,0.0
3863,3863.0,3863.0,3863.0,3863.0,3863.0,3863.0,2023-07-28 00:00:00+05:30,2428.422048675331,2463.2559715046905,2419.066749451168,2455.3935546875,24904,0.0,0.0
3864,3864.0,3864.0,3864.0,3864.0,3864.0,3864.0,2023-07-31 00:00:00+05:30,2463.4051833401745,2485.4004148480435,2420.4600295967334,2435.836669921875,35054,0.0,0.0
3865,3865.0,3865.0,3865.0,3865.0,3865.0,3865.0,2023-08-01 00:00:00+05:30,2453.1043834288425,2463.156312364396,2422.450483196238,2427.4267578125,28263,0.0,0.0
3866,3866.0,3866.0,3866.0,3866.0,3866.0,3866.0,2023-08-02 00:00:00+05:30,2450.3177203285113,2457.284505073556,2397.569207258889,2403.78955078125,28898,0.0,0.0
3867,3867.0,3867.0,3867.0,3867.0,3867.0,3867.0,2023-08-03 00:00:00+05:30,2403.789405949083,2417.8721656423327,2386.621258861775,2388.960205078125,26831,0.0,0.0
3868,3868.0,3868.0,3868.0,3868.0,3868.0,3868.0,2023-08-04 00:00:00+05:30,2402.445823887214,2424.3912441062557,2388.6118772907707,2411.104736328125,17359,0.0,0.0
3869,3869.0,3869.0,3869.0,3869.0,3869.0,3869.0,2023-08-07 00:00:00+05:30,2411.054857964717,2418.1708334584782,2328.8965156227064,2362.187744140625,91206,0.0,0.0
3870,3870.0,3870.0,3870.0,3870.0,3870.0,3870.0,2023-08-08 00:00:00+05:30,2358.7541188919845,2363.6307707213045,2316.9534129875697,2321.9296875,43935,0.0,0.0
3871,3871.0,3871.0,3871.0,3871.0,3871.0,3871.0,2023-08-09 00:00:00+05:30,2321.929806408527,2342.830160431064,2305.7071020707913,2314.017578125,33385,0.0,0.0
3872,3872.0,3872.0,3872.0,3872.0,3872.0,3872.0,2023-08-10 00:00:00+05:30,2329.394105944235,2343.3774859606688,2313.9676549114915,2321.8798828125,19663,0.0,0.0
3873,3873.0,3873.0,3873.0,3873.0,3873.0,3873.0,2023-08-11 00:00:00+05:30,2328.747271490701,2340.292082524221,2318.943913547436,2336.112060546875,21597,0.0,0.0
3874,3874.0,3874.0,3874.0,3874.0,3874.0,3874.0,2023-08-14 00:00:00+05:30,2336.1120482674814,2338.84899922402,2306.005587745555,2325.612060546875,17825,0.0,0.0
3875,3875.0,3875.0,3875.0,3875.0,3875.0,3875.0,2023-08-16 00:00:00+05:30,2325.612210489642,2360.64513639564,2318.9440508711245,2331.583740234375,22394,0.0,0.0
3876,3876.0,3876.0,3876.0,3876.0,3876.0,3876.0,2023-08-17 00:00:00+05:30,2338.849177286729,2350.5932345180495,2294.0627036791107,2303.169189453125,22731,0.0,0.0
3877,3877.0,3877.0,3877.0,3877.0,3877.0,3877.0,2023-08-18 00:00:00+05:30,2318.545963920394,2338.8490671401514,2303.019889941409,2335.714111328125,18227,0.0,0.0
3878,3878.0,3878.0,3878.0,3878.0,3878.0,3878.0,2023-08-21 00:00:00+05:30,2335.714149438548,2343.6761889459576,2305.159628443131,2317.799560546875,21554,0.0,0.0
3879,3879.0,3879.0,3879.0,3879.0,3879.0,3879.0,2023-08-22 00:00:00+05:30,2315.958266965742,2347.806425342581,2308.9914823208087,2312.32568359375,23159,0.0,0.0
3880,3880.0,3880.0,3880.0,3880.0,3880.0,3880.0,2023-08-23 00:00:00+05:30,2327.4035854352646,2340.0930854199983,2300.1336983472083,2307.846923828125,20276,0.0,0.0
3881,3881.0,3881.0,3881.0,3881.0,3881.0,3881.0,2023-08-24 00:00:00+05:30,2309.2402007358623,2329.3941126267796,2301.0293477432665,2302.422607421875,15996,0.0,0.0
3882,3882.0,3882.0,3882.0,3882.0,3882.0,3882.0,2023-08-25 00:00:00+05:30,2302.024582328944,2326.905954814125,2299.0388176307224,2306.105224609375,17947,0.0,0.0
3883,3883.0,3883.0,3883.0,3883.0,3883.0,3883.0,2023-08-28 00:00:00+05:30,2321.7805337744794,2338.500622019257,2299.0886730366497,2307.54833984375,25029,0.0,0.0
3884,3884.0,3884.0,3884.0,3884.0,3884.0,3884.0,2023-08-29 00:00:00+05:30,2307.647682632793,2546.857295656459,2307.647682632793,2503.663330078125,333826,0.0,0.0
3885,3885.0,3885.0,3885.0,3885.0,3885.0,3885.0,2023-08-30 00:00:00+05:30,2532.8243005160284,2574.028002462803,2494.4574154362954,2511.078125,160539,0.0,0.0
3886,3886.0,3886.0,3886.0,3886.0,3886.0,3886.0,2023-08-31 00:00:00+05:30,2509.0376740457605,2512.4712549516917,2456.2891628500342,2485.549560546875,62684,0.0,0.0
3887,3887.0,3887.0,3887.0,3887.0,3887.0,3887.0,2023-09-01 00:00:00+05:30,2485.500048848138,2513.018751047935,2465.2465134042513,2478.085205078125,30554,0.0,0.0
3888,3888.0,3888.0,3888.0,3888.0,3888.0,3888.0,2023-09-04 00:00:00+05:30,2483.1112428697793,2567.757723394387,2456.687175840742,2497.841064453125,54855,0.0,0.0
3889,3889.0,3889.0,3889.0,3889.0,3889.0,3889.0,2023-09-05 00:00:00+05:30,2507.0470873046,2525.8573076782563,2470.8199062212057,2493.163330078125,30888,0.0,0.0
3890,3890.0,3890.0,3890.0,3890.0,3890.0,3890.0,2023-09-06 00:00:00+05:30,2516.999604918266,2528.6440384798207,2431.60668716328,2468.679931640625,53518,0.0,0.0
3891,3891.0,3891.0,3891.0,3891.0,3891.0,3891.0,2023-09-07 00:00:00+05:30,2468.679981740785,2499.234258743077,2454.647033362586,2477.1396484375,23149,0.0,0.0
3892,3892.0,3892.0,3892.0,3892.0,3892.0,3892.0,2023-09-08 00:00:00+05:30,2488.037793978228,2514.0140458011074,2462.260787534418,2476.045166015625,30881,0.0,0.0
3893,3893.0,3893.0,3893.0,3893.0,3893.0,3893.0,2023-09-11 00:00:00+05:30,2498.089818709936,2507.743742719674,2463.3555196187435,2484.15625,41859,0.0,0.0
3894,3894.0,3894.0,3894.0,3894.0,3894.0,3894.0,2023-09-12 00:00:00+05:30,2489.0827775492503,2500.578020628572,2402.694600717769,2406.07861328125,37387,0.0,0.0
3895,3895.0,3895.0,3895.0,3895.0,3895.0,3895.0,2023-09-13 00:00:00+05:30,2406.0787118913536,2437.429243584096,2354.17601918851,2382.44140625,31840,0.0,0.0
3896,3896.0,3896.0,3896.0,3896.0,3896.0,3896.0,2023-09-14 00:00:00+05:30,2408.417367888705,2445.938674069791,2389.806148830679,2439.220703125,23835,0.0,0.0
3897,3897.0,3897.0,3897.0,3897.0,3897.0,3897.0,2023-09-15 00:00:00+05:30,2439.220639573197,2458.279674267875,2388.611829248138,2392.04541015625,32099,0.0,0.0
3898,3898.0,3898.0,3898.0,3898.0,3898.0,3898.0,2023-09-18 00:00:00+05:30,2402.5452938916246,2423.3460238082657,2393.587999921026,2399.858154296875,23983,0.0,0.0
3899,3899.0,3899.0,3899.0,3899.0,3899.0,3899.0,2023-09-20 00:00:00+05:30,2412.49791934125,2457.2843906161493,2398.56435050017,2411.65185546875,54020,0.0,0.0
3900,3900.0,3900.0,3900.0,3900.0,3900.0,3900.0,2023-09-21 00:00:00+05:30,2418.469581593542,2426.1828076253732,2385.6261675225187,2391.299072265625,20310,0.0,0.0
3901,3901.0,3901.0,3901.0,3901.0,3901.0,3901.0,2023-09-22 00:00:00+05:30,2414.3391748756167,2414.3391748756167,2363.879557508872,2376.81787109375,21779,0.0,0.0
3902,3902.0,3902.0,3902.0,3902.0,3902.0,3902.0,2023-09-25 00:00:00+05:30,2376.8180737771186,2392.2445259053493,2333.8729187549443,2336.56005859375,30498,0.0,0.0
3903,3903.0,3903.0,3903.0,3903.0,3903.0,3903.0,2023-09-26 00:00:00+05:30,2336.858703153618,2353.778037886843,2321.1336258051274,2327.602783203125,21002,0.0,0.0
3904,3904.0,3904.0,3904.0,3904.0,3904.0,3904.0,2023-09-27 00:00:00+05:30,2327.60275177701,2342.581387685036,2313.9678072725264,2329.59326171875,19087,0.0,0.0
3905,3905.0,3905.0,3905.0,3905.0,3905.0,3905.0,2023-09-28 00:00:00+05:30,2329.5931261759606,2342.6808740707174,2279.13375068517,2284.707275390625,78289,0.0,0.0
3906,3906.0,3906.0,3906.0,3906.0,3906.0,3906.0,2023-09-29 00:00:00+05:30,2289.235651284589,2320.1881784396996,2284.159996662079,2288.837646484375,22245,0.0,0.0
3907,3907.0,3907.0,3907.0,3907.0,3907.0,3907.0,2023-10-03 00:00:00+05:30,2304.562633362216,2304.562633362216,2269.181271519071,2273.610107421875,23834,0.0,0.0
3908,3908.0,3908.0,3908.0,3908.0,3908.0,3908.0,2023-10-04 00:00:00+05:30,2273.6102065257887,2286.9963375049165,2233.3521908968332,2237.6318359375,38963,0.0,0.0
3909,3909.0,3909.0,3909.0,3909.0,3909.0,3909.0,2023-10-05 00:00:00+05:30,2259.9252807170737,2318.943945611691,2253.4063124452105,2288.240234375,28405,0.0,0.0
3910,3910.0,3910.0,3910.0,3910.0,3910.0,3910.0,2023-10-06 00:00:00+05:30,2299.038915018914,2305.0104446683135,2286.2996031704283,2298.34228515625,18215,0.0,0.0
3911,3911.0,3911.0,3911.0,3911.0,3911.0,3911.0,2023-10-09 00:00:00+05:30,2269.181184023824,2277.143223266013,2246.2903212025312,2263.657470703125,22456,0.0,0.0
3912,3912.0,3912.0,3912.0,3912.0,3912.0,3912.0,2023-10-10 00:00:00+05:30,2250.2714682683977,2279.1338621559626,2250.2714682683977,2273.3115234375,20155,0.0,0.0
3913,3913.0,3913.0,3913.0,3913.0,3913.0,3913.0,2023-10-11 00:00:00+05:30,2274.1574261296105,2308.9913473175916,2264.204877218759,2276.24755859375,24742,0.0,0.0
3914,3914.0,3914.0,3914.0,3914.0,3914.0,3914.0,2023-10-12 00:00:00+05:30,2276.2475465516713,2287.0957276142485,2255.2973826087314,2262.21435546875,15989,0.0,0.0
3915,3915.0,3915.0,3915.0,3915.0,3915.0,3915.0,2023-10-13 00:00:00+05:30,2262.2145627929444,2277.143387448419,2241.811835763795,2257.1884765625,16688,0.0,0.0
3916,3916.0,3916.0,3916.0,3916.0,3916.0,3916.0,2023-10-16 00:00:00+05:30,2266.792770462921,2308.991483134232,2259.228735652891,2292.918212890625,25669,0.0,0.0
3917,3917.0,3917.0,3917.0,3917.0,3917.0,3917.0,2023-10-17 00:00:00+05:30,2316.5555538708154,2316.5555538708154,2267.19081041088,2273.261962890625,23196,0.0,0.0
3918,3918.0,3918.0,3918.0,3918.0,3918.0,3918.0,2023-10-18 00:00:00+05:30,2269.3801501852304,2289.036434250636,2224.39467778134,2235.69091796875,28658,0.0,0.0
3919,3919.0,3919.0,3919.0,3919.0,3919.0,3919.0,2023-10-19 00:00:00+05:30,2249.2761737100877,2265.7476916316987,2215.785942033332,2222.4541015625,32804,0.0,0.0
3920,3920.0,3920.0,3920.0,3920.0,3920.0,3920.0,2023-10-20 00:00:00+05:30,2227.3308239129983,2240.318949940228,2204.4897708207927,2214.89013671875,20763,0.0,0.0
3921,3921.0,3921.0,3921.0,3921.0,3921.0,3921.0,2023-10-23 00:00:00+05:30,2238.2784539316017,2238.2784539316017,2164.6794028317527,2180.852294921875,32417,0.0,0.0
3922,3922.0,3922.0,3922.0,3922.0,3922.0,3922.0,2023-10-25 00:00:00+05:30,2200.2099388250635,2206.629284275256,2149.750564450367,2165.077392578125,24880,0.0,0.0
3923,3923.0,3923.0,3923.0,3923.0,3923.0,3923.0,2023-10-26 00:00:00+05:30,2165.077556253876,2165.1771789433624,2109.9405283198935,2142.734130859375,40189,0.0,0.0
3924,3924.0,3924.0,3924.0,3924.0,3924.0,3924.0,2023-10-27 00:00:00+05:30,2141.7886234948396,2189.0632329818304,2139.798113621703,2169.65576171875,29165,0.0,0.0
3925,3925.0,3925.0,3925.0,3925.0,3925.0,3925.0,2023-10-30 00:00:00+05:30,2169.6557408792182,2176.5727140254976,2126.0635264798,2134.523193359375,21401,0.0,0.0
3926,3926.0,3926.0,3926.0,3926.0,3926.0,3926.0,2023-10-31 00:00:00+05:30,2133.8764206881046,2160.499490557489,2128.3527071281173,2132.433349609375,17780,0.0,0.0
3927,3927.0,3927.0,3927.0,3927.0,3927.0,3927.0,2023-11-01 00:00:00+05:30,2132.433397988577,2137.8574889839174,2116.957134593593,2128.5517578125,13784,0.0,0.0
3928,3928.0,3928.0,3928.0,3928.0,3928.0,3928.0,2023-11-02 00:00:00+05:30,2127.855054509697,2144.774388432365,2120.1916400940972,2137.9072265625,11165,0.0,0.0
3929,3929.0,3929.0,3929.0,3929.0,3929.0,3929.0,2023-11-03 00:00:00+05:30,2151.84088675765,2175.5775722116377,2140.196209120486,2158.409423828125,15081,0.0,0.0
3930,3930.0,3930.0,3930.0,3930.0,3930.0,3930.0,2023-11-06 00:00:00+05:30,2175.627284634565,2209.5655750598353,2167.665245166552,2201.4541015625,28815,0.0,0.0
3931,3931.0,3931.0,3931.0,3931.0,3931.0,3931.0,2023-11-07 00:00:00+05:30,2214.4422789189607,2224.394828487136,2145.9188779492083,2171.098876953125,65553,0.0,0.0
3932,3932.0,3932.0,3932.0,3932.0,3932.0,3932.0,2023-11-08 00:00:00+05:30,2164.67940635241,2164.67940635241,2131.8359946698215,2136.712646484375,49796,0.0,0.0
3933,3933.0,3933.0,3933.0,3933.0,3933.0,3933.0,2023-11-09 00:00:00+05:30,2129.845436982651,2140.395235872714,2110.9355943178516,2114.120361328125,32350,0.0,0.0
3934,3934.0,3934.0,3934.0,3934.0,3934.0,3934.0,2023-11-10 00:00:00+05:30,2119.9427337301886,2132.930858682101,2113.9213930302585,2117.40478515625,20776,0.0,0.0
3935,3935.0,3935.0,3935.0,3935.0,3935.0,3935.0,2023-11-13 00:00:00+05:30,2144.4756479552784,2144.4756479552784,2114.9166265245185,2121.087158203125,24183,0.0,0.0
3936,3936.0,3936.0,3936.0,3936.0,3936.0,3936.0,2023-11-15 00:00:00+05:30,2144.5254976551996,2144.5254976551996,2114.9166643542403,2119.046875,20948,0.0,0.0
3937,3937.0,3937.0,3937.0,3937.0,3937.0,3937.0,2023-11-16 00:00:00+05:30,2129.7958609962384,2144.774497148163,2121.8836324454214,2128.302978515625,21817,0.0,0.0
3938,3938.0,3938.0,3938.0,3938.0,3938.0,3938.0,2023-11-17 00:00:00+05:30,2128.3027769543155,2139.051578393201,2120.191546770694,2124.47119140625,22808,0.0,0.0
3939,3939.0,3939.0,3939.0,3939.0,3939.0,3939.0,2023-11-20 00:00:00+05:30,2124.471380621534,2133.876491599915,2110.98562702629,2121.336181640625,29007,0.0,0.0
3940,3940.0,3940.0,3940.0,3940.0,3940.0,3940.0,2023-11-21 00:00:00+05:30,2122.829019944041,2136.8124007390697,2109.940516798709,2119.89306640625,27150,0.0,0.0
3941,3941.0,3941.0,3941.0,3941.0,3941.0,3941.0,2023-11-22 00:00:00+05:30,2148.705666688724,2159.7032826924165,2118.94764030901,2133.87646484375,23620,0.0,0.0
3942,3942.0,3942.0,3942.0,3942.0,3942.0,3942.0,2023-11-23 00:00:00+05:30,2133.876318948112,2156.26955421917,2125.9142797406244,2138.454345703125,23303,0.0,0.0
3943,3943.0,3943.0,3943.0,3943.0,3943.0,3943.0,2023-11-24 00:00:00+05:30,2139.798208056539,2153.7317777834187,2135.219937953409,2144.27685546875,16858,0.0,0.0
3944,3944.0,3944.0,3944.0,3944.0,3944.0,3944.0,2023-11-28 00:00:00+05:30,2139.8479301921393,2149.750668238751,2122.8787848857664,2125.51611328125,23143,0.0,0.0
3945,3945.0,3945.0,3945.0,3945.0,3945.0,3945.0,2023-11-29 00:00:00+05:30,2147.7601204281473,2148.6061843042194,2119.892982628338,2124.023193359375,25195,0.0,0.0
3946,3946.0,3946.0,3946.0,3946.0,3946.0,3946.0,2023-11-30 00:00:00+05:30,2129.8454559266484,2164.6793769347946,2120.2413434701193,2151.04443359375,29476,0.0,0.0
3947,3947.0,3947.0,3947.0,3947.0,3947.0,3947.0,2023-12-01 00:00:00+05:30,2151.044484460212,2176.373673310102,2140.84312163802,2152.437744140625,35251,0.0,0.0
3948,3948.0,3948.0,3948.0,3948.0,3948.0,3948.0,2023-12-04 00:00:00+05:30,2177.070335162264,2177.61777396696,2123.8740080646676,2131.039794921875,63843,0.0,0.0
3949,3949.0,3949.0,3949.0,3949.0,3949.0,3949.0,2023-12-05 00:00:00+05:30,2139.8480143904912,2174.582315935425,2137.807693088828,2165.475830078125,56591,0.0,0.0
3950,3950.0,3950.0,3950.0,3950.0,3950.0,3950.0,2023-12-06 00:00:00+05:30,2165.5255025193123,2363.68061017143,2164.679438649276,2286.448974609375,444781,0.0,0.0
3951,3951.0,3951.0,3951.0,3951.0,3951.0,3951.0,2023-12-07 00:00:00+05:30,2312.9227207736244,2395.5786939795303,2297.347077808295,2357.9580078125,190847,0.0,0.0
3952,3952.0,3952.0,3952.0,3952.0,3952.0,3952.0,2023-12-08 00:00:00+05:30,2357.9580265420072,2359.7495340846044,2274.4562317442815,2296.10302734375,52553,0.0,0.0
3953,3953.0,3953.0,3953.0,3953.0,3953.0,3953.0,2023-12-11 00:00:00+05:30,2296.5506557838917,2313.967616336966,2255.9442077265808,2262.16455078125,43453,0.0,0.0
3954,3954.0,3954.0,3954.0,3954.0,3954.0,3954.0,2023-12-12 00:00:00+05:30,2258.233348873309,2282.1194662699413,2256.790277877026,2265.64794921875,26810,0.0,0.0
3955,3955.0,3955.0,3955.0,3955.0,3955.0,3955.0,2023-12-13 00:00:00+05:30,2269.181302305916,2269.181302305916,2219.4185544483303,2227.52978515625,36001,0.0,0.0
3956,3956.0,3956.0,3956.0,3956.0,3956.0,3956.0,2023-12-14 00:00:00+05:30,2227.5297425574954,2277.143298415577,2223.449343100506,2238.427978515625,37828,0.0,0.0
3957,3957.0,3957.0,3957.0,3957.0,3957.0,3957.0,2023-12-15 00:00:00+05:30,2244.299887618641,2353.678308230338,2240.9161180186443,2307.199951171875,107089,0.0,0.0
3958,3958.0,3958.0,3958.0,3958.0,3958.0,3958.0,2023-12-18 00:00:00+05:30,2307.199938833156,2365.7707888774707,2290.081602569012,2300.233154296875,81030,0.0,0.0
3959,3959.0,3959.0,3959.0,3959.0,3959.0,3959.0,2023-12-19 00:00:00+05:30,2308.9914927883374,2384.630869276231,2308.9914927883374,2322.825439453125,70241,0.0,0.0
3960,3960.0,3960.0,3960.0,3960.0,3960.0,3960.0,2023-12-20 00:00:00+05:30,2338.849024545648,2373.682946187817,2249.3258945217035,2258.382568359375,64712,0.0,0.0
3961,3961.0,3961.0,3961.0,3961.0,3961.0,3961.0,2023-12-21 00:00:00+05:30,2258.23350166643,2315.858666591891,2240.517914802186,2305.110107421875,62189,0.0,0.0
3962,3962.0,3962.0,3962.0,3962.0,3962.0,3962.0,2023-12-22 00:00:00+05:30,2336.80867004164,2343.7256429297113,2273.908609599154,2293.913330078125,39393,0.0,0.0
3963,3963.0,3963.0,3963.0,3963.0,3963.0,3963.0,2023-12-26 00:00:00+05:30,2308.8919280623777,2594.281293225506,2303.716650769193,2558.700927734375,897334,0.0,0.0
3964,3964.0,3964.0,3964.0,3964.0,3964.0,3964.0,2023-12-27 00:00:00+05:30,2586.368871579313,2635.434986964778,2474.999944965015,2510.6796875,453106,0.0,0.0
3965,3965.0,3965.0,3965.0,3965.0,3965.0,3965.0,2023-12-28 00:00:00+05:30,2530.9334090197385,2544.8171673662164,2418.5194078525947,2431.75634765625,165238,0.0,0.0
3966,3966.0,3966.0,3966.0,3966.0,3966.0,3966.0,2023-12-29 00:00:00+05:30,2453.3034847770627,2555.5161209216453,2444.445812795685,2523.7177734375,301944,0.0,0.0
3967,3967.0,3967.0,3967.0,3967.0,3967.0,3967.0,2024-01-01 00:00:00+05:30,2537.9000526899435,2697.140840309705,2519.04002050266,2688.531982421875,382516,0.0,0.0
3968,3968.0,3968.0,3968.0,3968.0,3968.0,3968.0,2024-01-02 00:00:00+05:30,2686.5909732039536,2722.02214474894,2612.6437287030776,2678.429931640625,274792,0.0,0.0
3969,3969.0,3969.0,3969.0,3969.0,3969.0,3969.0,2024-01-03 00:00:00+05:30,2678.231042117195,2678.231042117195,2625.58215301203,2635.285888671875,69898,0.0,0.0
3970,3970.0,3970.0,3970.0,3970.0,3970.0,3970.0,2024-01-04 00:00:00+05:30,2655.837843984441,2706.8944717063764,2639.4161372481685,2649.119873046875,114003,0.0,0.0
3971,3971.0,3971.0,3971.0,3971.0,3971.0,3971.0,2024-01-05 00:00:00+05:30,2670.268955123274,2679.2262494192523,2598.610600755449,2628.56787109375,58847,0.0,0.0
3972,3972.0,3972.0,3972.0,3972.0,3972.0,3972.0,2024-01-08 00:00:00+05:30,2628.567846903146,2634.837758466902,2527.9474780447995,2533.47119140625,86362,0.0,0.0
3973,3973.0,3973.0,3973.0,3973.0,3973.0,3973.0,2024-01-09 00:00:00+05:30,2582.686647936261,2590.35006261116,2510.5804739342434,2537.701171875,68189,0.0,0.0
3974,3974.0,3974.0,3974.0,3974.0,3974.0,3974.0,2024-01-10 00:00:00+05:30,2546.807599543301,2547.852665834705,2478.184819503287,2488.734619140625,71006,0.0,0.0
3975,3975.0,3975.0,3975.0,3975.0,3975.0,3975.0,2024-01-11 00:00:00+05:30,2507.146748364262,2520.2342532764783,2443.3508112523464,2452.30810546875,70613,0.0,0.0
3976,3976.0,3976.0,3976.0,3976.0,3976.0,3976.0,2024-01-12 00:00:00+05:30,2448.327240152047,2487.1421842032382,2446.386541545922,2468.82958984375,66939,0.0,0.0
3977,3977.0,3977.0,3977.0,3977.0,3977.0,3977.0,2024-01-15 00:00:00+05:30,2468.829431562332,2476.244032059287,2423.4457103884783,2427.625732421875,53994,0.0,0.0
3978,3978.0,3978.0,3978.0,3978.0,3978.0,3978.0,2024-01-16 00:00:00+05:30,2433.398304230198,2449.272571769746,2378.7090944145853,2409.661376953125,64162,0.0,0.0
3979,3979.0,3979.0,3979.0,3979.0,3979.0,3979.0,2024-01-17 00:00:00+05:30,2398.564402804361,2436.384090483434,2379.00774044739,2393.637939453125,41823,0.0,0.0
3980,3980.0,3980.0,3980.0,3980.0,3980.0,3980.0,2024-01-18 00:00:00+05:30,2388.611922068637,2418.369948404874,2318.944074341635,2349.050537109375,52964,0.0,0.0
3981,3981.0,3981.0,3981.0,3981.0,3981.0,3981.0,2024-01-19 00:00:00+05:30,2360.595533998807,2394.533581769423,2348.7020430429593,2363.581298828125,32487,0.0,0.0
3982,3982.0,3982.0,3982.0,3982.0,3982.0,3982.0,2024-01-23 00:00:00+05:30,2346.26364318006,2358.50532719139,2248.33065705374,2279.432373046875,50789,0.0,0.0
3983,3983.0,3983.0,3983.0,3983.0,3983.0,3983.0,2024-01-24 00:00:00+05:30,2289.136185022246,2322.775850762303,2251.814124581835,2259.4775390625,51334,0.0,0.0
3984,3984.0,3984.0,3984.0,3984.0,3984.0,3984.0,2024-01-25 00:00:00+05:30,2276.3470822488243,2297.048433888971,2235.4422494277096,2243.453857421875,63839,0.0,0.0
3985,3985.0,3985.0,3985.0,3985.0,3985.0,3985.0,2024-01-29 00:00:00+05:30,2255.9443757528,2272.5650850363822,2244.299941283594,2250.37109375,29092,0.0,0.0
3986,3986.0,3986.0,3986.0,3986.0,3986.0,3986.0,2024-01-30 00:00:00+05:30,2264.2050376095312,2286.1006467644365,2246.2406369564596,2260.970458984375,39649,0.0,0.0
3987,3987.0,3987.0,3987.0,3987.0,3987.0,3987.0,2024-01-31 00:00:00+05:30,2263.2096507348983,2387.6165136820673,2263.2096507348983,2369.552734375,121517,0.0,0.0
3988,3988.0,3988.0,3988.0,3988.0,3988.0,3988.0,2024-02-01 00:00:00+05:30,2326.905940107708,2367.7113907255075,2314.017437838272,2352.0859375,33905,0.0,0.0
3989,3989.0,3989.0,3989.0,3989.0,3989.0,3989.0,2024-02-02 00:00:00+05:30,2387.6166971404036,2387.6166971404036,2249.2762549134272,2297.6953125,71118,0.0,0.0
3990,3990.0,3990.0,3990.0,3990.0,3990.0,3990.0,2024-02-05 00:00:00+05:30,2297.6951645215668,2310.9819148423994,2199.513364255686,2210.560791015625,79411,0.0,0.0
3991,3991.0,3991.0,3991.0,3991.0,3991.0,3991.0,2024-02-06 00:00:00+05:30,2224.494412828911,2269.7287012400657,2211.506287269904,2252.5107421875,49671,0.0,0.0
3992,3992.0,3992.0,3992.0,3992.0,3992.0,3992.0,2024-02-07 00:00:00+05:30,2269.181346595353,2273.4609915910683,2224.4446839946554,2232.506103515625,34197,0.0,0.0
3993,3993.0,3993.0,3993.0,3993.0,3993.0,3993.0,2024-02-08 00:00:00+05:30,2232.506037629622,2272.017853419385,2180.4045869327483,2206.530029296875,44963,0.0,0.0
3994,3994.0,3994.0,3994.0,3994.0,3994.0,3994.0,2024-02-09 00:00:00+05:30,2219.4186246676313,2220.4138796562715,2169.655875235622,2207.624755859375,38027,0.0,0.0
3995,3995.0,3995.0,3995.0,3995.0,3995.0,3995.0,2024-02-12 00:00:00+05:30,2214.44228927578,2239.323663312586,2146.7649518956664,2156.91650390625,38588,0.0,0.0
3996,3996.0,3996.0,3996.0,3996.0,3996.0,3996.0,2024-02-13 00:00:00+05:30,2164.6795766995806,2204.489775811297,2142.933158241937,2193.691162109375,31743,0.0,0.0
3997,3997.0,3997.0,3997.0,3997.0,3997.0,3997.0,2024-02-14 00:00:00+05:30,2141.7885502694953,2208.4706287397817,2141.7885502694953,2198.41845703125,18998,0.0,0.0
3998,3998.0,3998.0,3998.0,3998.0,3998.0,3998.0,2024-02-15 00:00:00+05:30,2219.07008193914,2239.323617180729,2181.350016869272,2187.221923828125,26797,0.0,0.0
3999,3999.0,3999.0,3999.0,3999.0,3999.0,3999.0,2024-02-16 00:00:00+05:30,2190.158119142545,2235.342596246014,2190.158119142545,2210.16259765625,36926,0.0,0.0
4000,4000.0,4000.0,4000.0,4000.0,4000.0,4000.0,2024-02-19 00:00:00+05:30,2224.544086292617,2258.2335647847212,2206.2314917305116,2212.949462890625,36220,0.0,0.0
4001,4001.0,4001.0,4001.0,4001.0,4001.0,4001.0,2024-02-20 00:00:00+05:30,2212.451676304476,2229.221818817055,2194.5370878323747,2198.219482421875,23003,0.0,0.0
4002,4002.0,4002.0,4002.0,4002.0,4002.0,4002.0,2024-02-21 00:00:00+05:30,2204.5393789698073,2222.4041555376866,2190.7051902956214,2202.250244140625,25308,0.0,0.0
4003,4003.0,4003.0,4003.0,4003.0,4003.0,4003.0,2024-02-22 00:00:00+05:30,2204.5395294085965,2214.3924562377792,2176.6225794163565,2192.34765625,20109,0.0,0.0
4004,4004.0,4004.0,4004.0,4004.0,4004.0,4004.0,2024-02-23 00:00:00+05:30,2206.6293603191475,2207.4754241984715,2167.66522718858,2171.596435546875,30535,0.0,0.0
4005,4005.0,4005.0,4005.0,4005.0,4005.0,4005.0,2024-02-26 00:00:00+05:30,2170.1534048834687,2185.579856511854,2141.7886389861155,2146.61572265625,50704,0.0,0.0
4006,4006.0,4006.0,4006.0,4006.0,4006.0,4006.0,2024-02-27 00:00:00+05:30,2149.7506064441072,2170.5017685186176,2140.79331225059,2145.37158203125,21123,0.0,0.0
4007,4007.0,4007.0,4007.0,4007.0,4007.0,4007.0,2024-02-28 00:00:00+05:30,2146.7648863995023,2163.883222618124,2122.8787680529153,2143.281494140625,23153,0.0,0.0
4008,4008.0,4008.0,4008.0,4008.0,4008.0,4008.0,2024-02-29 00:00:00+05:30,2143.3312243509176,2159.006488922501,2128.8004057139224,2133.279052734375,33139,0.0,0.0
4009,4009.0,4009.0,4009.0,4009.0,4009.0,4009.0,2024-03-01 00:00:00+05:30,2134.821732693234,2160.6983597561825,2110.885804063577,2113.97119140625,42779,0.0,0.0
4010,4010.0,4010.0,4010.0,4010.0,4010.0,4010.0,2024-03-04 00:00:00+05:30,2141.689106661387,2149.750769238902,2111.781888725076,2114.22021484375,33154,0.0,0.0
4011,4011.0,4011.0,4011.0,4011.0,4011.0,4011.0,2024-03-05 00:00:00+05:30,2111.9310218066075,2253.257225904882,2110.7865757972704,2216.930419921875,296114,0.0,0.0
4012,4012.0,4012.0,4012.0,4012.0,4012.0,4012.0,2024-03-06 00:00:00+05:30,2229.3709289255244,2247.235705406869,2140.5444309761483,2158.210205078125,78536,0.0,0.0
4013,4013.0,4013.0,4013.0,4013.0,4013.0,4013.0,2024-03-07 00:00:00+05:30,2140.8430709015147,2177.468499298892,2124.8691813864652,2128.103759765625,55133,0.0,0.0
4014,4014.0,4014.0,4014.0,4014.0,4014.0,4014.0,2024-03-11 00:00:00+05:30,2128.0540836540595,2142.535091760475,2090.035393193356,2093.618408203125,47744,0.0,0.0
4015,4015.0,4015.0,4015.0,4015.0,4015.0,4015.0,2024-03-12 00:00:00+05:30,2100.087529644461,2121.833704123904,2028.3295518394168,2030.369873046875,70902,0.0,0.0
4016,4016.0,4016.0,4016.0,4016.0,4016.0,4016.0,2024-03-13 00:00:00+05:30,2011.4600651885023,2055.101848954416,1956.8702339909976,1965.72802734375,77925,0.0,0.0
4017,4017.0,4017.0,4017.0,4017.0,4017.0,4017.0,2024-03-14 00:00:00+05:30,1965.7279634576355,2010.464744898496,1947.7636850895656,1957.3677978515625,65686,0.0,0.0
4018,4018.0,4018.0,4018.0,4018.0,4018.0,4018.0,2024-03-15 00:00:00+05:30,1955.6759090566952,2003.895961118685,1955.6759090566952,1972.396240234375,38612,0.0,0.0
4019,4019.0,4019.0,4019.0,4019.0,4019.0,4019.0,2024-03-18 00:00:00+05:30,1972.446012285909,2001.4577185814655,1965.6285401284904,1971.799072265625,29882,0.0,0.0
4020,4020.0,4020.0,4020.0,4020.0,4020.0,4020.0,2024-03-19 00:00:00+05:30,1970.6047902357695,1984.3890469197577,1950.6996913444991,1951.6949462890625,32543,0.0,0.0
4021,4021.0,4021.0,4021.0,4021.0,4021.0,4021.0,2024-03-20 00:00:00+05:30,1965.5289500954,1970.5549145065788,1900.9368820054792,1904.519775390625,47084,0.0,0.0
4022,4022.0,4022.0,4022.0,4022.0,4022.0,4022.0,2024-03-21 00:00:00+05:30,1923.8277544196055,1940.7470880073624,1903.922656081069,1909.744873046875,48158,0.0,0.0
4023,4023.0,4023.0,4023.0,4023.0,4023.0,4023.0,2024-03-22 00:00:00+05:30,1909.894170867438,1974.137923856518,1909.894170867438,1936.3182373046875,89165,0.0,0.0
4024,4024.0,4024.0,4024.0,4024.0,4024.0,4024.0,2024-03-26 00:00:00+05:30,1917.8562892009916,1935.8703795029503,1866.1528431300703,1876.6527099609375,120002,0.0,0.0
4025,4025.0,4025.0,4025.0,4025.0,4025.0,4025.0,2024-03-27 00:00:00+05:30,1880.384892227713,1905.9132056776955,1816.3402612855325,1833.60791015625,127579,0.0,0.0
4026,4026.0,4026.0,4026.0,4026.0,4026.0,4026.0,2024-03-28 00:00:00+05:30,1833.607915985681,1862.4206194180776,1799.420933065534,1805.3426513671875,132096,0.0,0.0
4027,4027.0,4027.0,4027.0,4027.0,4027.0,4027.0,2024-04-01 00:00:00+05:30,1816.3402184654535,1906.8089144669625,1811.8615713514291,1893.024658203125,109397,0.0,0.0
4028,4028.0,4028.0,4028.0,4028.0,4028.0,4028.0,2024-04-02 00:00:00+05:30,1905.91322205582,1939.7518902280904,1895.3635439238583,1911.9842529296875,59416,0.0,0.0
4029,4029.0,4029.0,4029.0,4029.0,4029.0,4029.0,2024-04-03 00:00:00+05:30,1914.9202646749488,1946.3702956393724,1906.5600991043864,1938.9058837890625,51874,0.0,0.0
4030,4030.0,4030.0,4030.0,4030.0,4030.0,4030.0,2024-04-04 00:00:00+05:30,1970.6047150394224,2188.5655395816616,1952.0431867333864,2148.954345703125,1497665,0.0,0.0
4031,4031.0,4031.0,4031.0,4031.0,4031.0,4031.0,2024-04-05 00:00:00+05:30,2127.8550812606645,2137.8076307520614,2078.4903385904695,2093.618408203125,265432,0.0,0.0
4032,4032.0,4032.0,4032.0,4032.0,4032.0,4032.0,2024-04-08 00:00:00+05:30,2109.8409478463805,2113.921590482272,2057.241867620154,2070.13037109375,58861,0.0,0.0
4033,4033.0,4033.0,4033.0,4033.0,4033.0,4033.0,2024-04-09 00:00:00+05:30,2070.1303527033856,2175.6273802930773,2060.177802930773,2103.77001953125,209397,0.0,0.0
4034,4034.0,4034.0,4034.0,4034.0,4034.0,4034.0,2024-04-10 00:00:00+05:30,2106.307923931826,2166.670039837793,2080.630297463176,2130.542236328125,128073,0.0,0.0
4035,4035.0,4035.0,4035.0,4035.0,4035.0,4035.0,2024-04-12 00:00:00+05:30,2144.774485050488,2152.6369022111685,2110.1395630991783,2121.336181640625,67327,0.0,0.0
4036,4036.0,4036.0,4036.0,4036.0,4036.0,4036.0,2024-04-15 00:00:00+05:30,2104.964060232732,2105.9095037673765,2018.376886123868,2050.623046875,57261,0.0,0.0
4037,4037.0,4037.0,4037.0,4037.0,4037.0,4037.0,2024-04-16 00:00:00+05:30,2035.346090872477,2067.443061539894,2025.8911692805243,2041.367431640625,37702,0.0,0.0
4038,4038.0,4038.0,4038.0,4038.0,4038.0,4038.0,2024-04-18 00:00:00+05:30,2061.27256135813,2086.9003755400895,2032.36035734477,2039.376953125,35962,0.0,0.0
4039,4039.0,4039.0,4039.0,4039.0,4039.0,4039.0,2024-04-19 00:00:00+05:30,2032.310613699031,2032.310613699031,2000.4624552081548,2016.8343505859375,23662,0.0,0.0
4040,4040.0,4040.0,4040.0,4040.0,4040.0,4040.0,2024-04-22 00:00:00+05:30,2034.3010819131016,2048.0356485772445,2007.429198737146,2010.96240234375,32342,0.0,0.0
4041,4041.0,4041.0,4041.0,4041.0,4041.0,4041.0,2024-04-23 00:00:00+05:30,2016.485966286096,2119.8929766273054,2016.485966286096,2101.13232421875,112367,0.0,0.0
4042,4042.0,4042.0,4042.0,4042.0,4042.0,4042.0,2024-04-24 00:00:00+05:30,2128.7508045947734,2137.807722212286,2080.381557786538,2089.438232421875,33525,0.0,0.0
4043,4043.0,4043.0,4043.0,4043.0,4043.0,4043.0,2024-04-25 00:00:00+05:30,2099.987808575554,2101.9783183467157,2055.2013387244165,2062.81494140625,33083,0.0,0.0
4044,4044.0,4044.0,4044.0,4044.0,4044.0,4044.0,2024-04-26 00:00:00+05:30,2062.8648520031625,2090.085171626383,2060.1279009361247,2067.393310546875,26027,0.0,0.0
4045,4045.0,4045.0,4045.0,4045.0,4045.0,4045.0,2024-04-29 00:00:00+05:30,2090.0353477652156,2090.0353477652156,2048.334263495526,2060.426513671875,25067,0.0,0.0
4046,4046.0,4046.0,4046.0,4046.0,4046.0,4046.0,2024-04-30 00:00:00+05:30,2068.139779414534,2069.1350343613167,2030.2702800930176,2035.4456787109375,29683,0.0,0.0
4047,4047.0,4047.0,4047.0,4047.0,4047.0,4047.0,2024-05-02 00:00:00+05:30,2010.41496684935,2037.4361626079424,2010.3651555062131,2018.8746337890625,22753,0.0,0.0
4048,4048.0,4048.0,4048.0,4048.0,4048.0,4048.0,2024-05-03 00:00:00+05:30,2040.272590687641,2088.0448269574003,2018.3769823973344,2036.689697265625,26502,0.0,0.0
4049,4049.0,4049.0,4049.0,4049.0,4049.0,4049.0,2024-05-06 00:00:00+05:30,2036.6897786548163,2060.1777714611812,2000.4624737376687,2011.4102783203125,27421,0.0,0.0
4050,4050.0,4050.0,4050.0,4050.0,4050.0,4050.0,2024-05-07 00:00:00+05:30,2006.433903677021,2012.9030606085191,1978.5667661259513,1994.4908447265625,29560,0.0,0.0
4051,4051.0,4051.0,4051.0,4051.0,4051.0,4051.0,2024-05-08 00:00:00+05:30,1994.4909376493251,2131.935744667228,1952.7400407196164,2089.935791015625,192893,0.0,0.0
4052,4052.0,4052.0,4052.0,4052.0,4052.0,4052.0,2024-05-09 00:00:00+05:30,2098.9926351197273,2101.082767653393,1972.9435746726667,1989.9127197265625,197415,0.0,0.0
4053,4053.0,4053.0,4053.0,4053.0,4053.0,4053.0,2024-05-10 00:00:00+05:30,1940.7471488471735,2034.748930101313,1938.7068276070809,1967.51953125,45016,0.0,0.0
4054,4054.0,4054.0,4054.0,4054.0,4054.0,4054.0,2024-05-13 00:00:00+05:30,1970.604761669121,1987.4742841384927,1926.3657286210116,1939.5528564453125,27246,0.0,0.0
4055,4055.0,4055.0,4055.0,4055.0,4055.0,4055.0,2024-05-14 00:00:00+05:30,1945.1759122879691,1961.0503010137224,1930.695026226967,1953.9342041015625,28568,0.0,0.0
4056,4056.0,4056.0,4056.0,4056.0,4056.0,4056.0,2024-05-15 00:00:00+05:30,1967.0715991960956,1980.5573523778148,1932.8846159293987,1942.7874755859375,32224,0.0,0.0
4057,4057.0,4057.0,4057.0,4057.0,4057.0,4057.0,2024-05-16 00:00:00+05:30,1945.6239459240312,1998.4719600105557,1945.6239459240312,1991.1568603515625,47737,0.0,0.0
4058,4058.0,4058.0,4058.0,4058.0,4058.0,4058.0,2024-05-17 00:00:00+05:30,1991.1567494772416,2015.2916809173191,1983.5928364993915,2005.1898193359375,37623,0.0,0.0
4059,4059.0,4059.0,4059.0,4059.0,4059.0,4059.0,2024-05-21 00:00:00+05:30,2021.362779764215,2021.4622809598325,1982.547837169038,1986.1805419921875,32612,0.0,0.0
4060,4060.0,4060.0,4060.0,4060.0,4060.0,4060.0,2024-05-22 00:00:00+05:30,1986.1805301253503,1999.11884424644,1969.6095112028152,1975.6805419921875,27269,0.0,0.0
4061,4061.0,4061.0,4061.0,4061.0,4061.0,4061.0,2024-05-23 00:00:00+05:30,1979.661538146122,1991.0074685384836,1957.6664287004237,1964.3843994140625,30367,0.0,0.0
4062,4062.0,4062.0,4062.0,4062.0,4062.0,4062.0,2024-05-24 00:00:00+05:30,1940.747109427146,1974.3369632441545,1940.747109427146,1951.0479736328125,25900,0.0,0.0
4063,4063.0,4063.0,4063.0,4063.0,4063.0,4063.0,2024-05-27 00:00:00+05:30,1951.893927084092,1964.0858000200935,1935.6713445618568,1939.5030517578125,29041,0.0,0.0
4064,4064.0,4064.0,4064.0,4064.0,4064.0,4064.0,2024-05-28 00:00:00+05:30,1952.3419065309315,1961.4485136662647,1921.8373178657623,1929.500732421875,27552,0.0,0.0
4065,4065.0,4065.0,4065.0,4065.0,4065.0,4065.0,2024-05-29 00:00:00+05:30,1930.794524392474,1945.5243456492187,1902.0316332102673,1913.3775634765625,33260,0.0,0.0
4066,4066.0,4066.0,4066.0,4066.0,4066.0,4066.0,2024-05-30 00:00:00+05:30,1915.7662877584944,1924.0268309928488,1900.4393371486317,1903.9227294921875,26386,0.0,0.0
4067,4067.0,4067.0,4067.0,4067.0,4067.0,4067.0,2024-05-31 00:00:00+05:30,1905.4156269081543,1915.865804020996,1866.1030558646069,1884.415771484375,36586,0.0,0.0
4068,4068.0,4068.0,4068.0,4068.0,4068.0,4068.0,2024-06-03 00:00:00+05:30,1915.8657726608567,1930.7447855196344,1871.0793000532003,1882.873046875,33204,0.0,0.0
4069,4069.0,4069.0,4069.0,4069.0,4069.0,4069.0,2024-06-04 00:00:00+05:30,1898.5482685170184,1898.697581053818,1806.3876868628909,1832.9112548828125,48725,0.0,0.0
4070,4070.0,4070.0,4070.0,4070.0,4070.0,4070.0,2024-06-05 00:00:00+05:30,1855.0556668796753,1927.8087771233904,1817.833108629774,1921.1903076171875,42422,0.0,0.0
4071,4071.0,4071.0,4071.0,4071.0,4071.0,4071.0,2024-06-06 00:00:00+05:30,1940.7471122943505,1966.6237404582753,1930.744751657632,1962.493408203125,38277,0.0,0.0
4072,4072.0,4072.0,4072.0,4072.0,4072.0,4072.0,2024-06-07 00:00:00+05:30,1962.4934643464655,1977.22328631914,1952.192599830892,1958.562255859375,20750,0.0,0.0
4073,4073.0,4073.0,4073.0,4073.0,4073.0,4073.0,2024-06-10 00:00:00+05:30,1959.656947483562,2012.3059573185376,1951.9437218141877,1989.0169677734375,58551,0.0,0.0
4074,4074.0,4074.0,4074.0,4074.0,4074.0,4074.0,2024-06-11 00:00:00+05:30,2000.3629537807856,2012.0073881312385,1959.7068132601744,2004.4932861328125,54083,0.0,0.0
4075,4075.0,4075.0,4075.0,4075.0,4075.0,4075.0,2024-06-12 00:00:00+05:30,2009.3699059778744,2028.08074738542,1970.6047747874527,2000.3131103515625,38524,0.0,0.0
4076,4076.0,4076.0,4076.0,4076.0,4076.0,4076.0,2024-06-13 00:00:00+05:30,2010.4149545220907,2024.348523513828,1991.306108501283,2011.9078369140625,36467,0.0,0.0
4077,4077.0,4077.0,4077.0,4077.0,4077.0,4077.0,2024-06-14 00:00:00+05:30,2011.9078477190624,2038.2821034522087,1995.486141319179,2010.066650390625,44790,0.0,0.0
4078,4078.0,4078.0,4078.0,4078.0,4078.0,4078.0,2024-06-18 00:00:00+05:30,2023.3533357883537,2023.3533357883537,1980.5573724637595,1984.090576171875,42407,0.0,0.0
4079,4079.0,4079.0,4079.0,4079.0,4079.0,4079.0,2024-06-19 00:00:00+05:30,1987.7230537594935,2060.9241008429453,1985.6330427508055,1995.436279296875,89568,0.0,0.0
4080,4080.0,4080.0,4080.0,4080.0,4080.0,4080.0,2024-06-20 00:00:00+05:30,1996.232561263748,2141.688971027732,1991.1069741134777,2094.016357421875,390700,0.0,0.0
4081,4081.0,4081.0,4081.0,4081.0,4081.0,4081.0,2024-06-21 00:00:00+05:30,2129.248363223308,2150.745967542,2075.305593013274,2102.277099609375,104733,0.0,0.0
4082,4082.0,4082.0,4082.0,4082.0,4082.0,4082.0,2024-06-24 00:00:00+05:30,2099.0424562508715,2139.798096990135,2066.746482406685,2097.449951171875,112635,0.0,0.0
4083,4083.0,4083.0,4083.0,4083.0,4083.0,4083.0,2024-06-25 00:00:00+05:30,2105.0,2129.800048828125,2088.199951171875,2120.64990234375,51576,10.0,0.0
4084,4084.0,4084.0,4084.0,4084.0,4084.0,4084.0,2024-06-26 00:00:00+05:30,2129.89990234375,2139.550048828125,2058.050048828125,2081.699951171875,55147,0.0,0.0
4085,4085.0,4085.0,4085.0,4085.0,4085.0,4085.0,2024-06-27 00:00:00+05:30,2075.0,2168.800048828125,2071.0,2130.10009765625,189196,0.0,0.0
4086,4086.0,4086.0,4086.0,4086.0,4086.0,4086.0,2024-06-28 00:00:00+05:30,2141.949951171875,2168.0,2095.0,2136.800048828125,125470,0.0,0.0
4087,4087.0,4087.0,4087.0,4087.0,4087.0,4087.0,2024-07-01 00:00:00+05:30,2145.949951171875,2180.0,2127.60009765625,2162.0,94882,0.0,0.0
4088,4088.0,4088.0,4088.0,4088.0,4088.0,4088.0,2024-07-02 00:00:00+05:30,2183.949951171875,2204.0,2135.0,2145.050048828125,115281,0.0,0.0
4089,4089.0,4089.0,4089.0,4089.0,4089.0,4089.0,2024-07-03 00:00:00+05:30,2155.949951171875,2162.0,2105.5,2116.64990234375,45602,0.0,0.0
4090,4090.0,4090.0,4090.0,4090.0,4090.0,4090.0,2024-07-04 00:00:00+05:30,2124.0,2160.0,2108.300048828125,2145.64990234375,49895,0.0,0.0
4091,4091.0,4091.0,4091.0,4091.0,4091.0,4091.0,2024-07-05 00:00:00+05:30,2139.0,2148.89990234375,2114.14990234375,2128.35009765625,31304,0.0,0.0
4092,4092.0,4092.0,4092.0,4092.0,4092.0,4092.0,2024-07-08 00:00:00+05:30,2130.0,2139.949951171875,2090.0,2095.10009765625,46452,0.0,0.0
4093,4093.0,4093.0,4093.0,4093.0,4093.0,4093.0,2024-07-09 00:00:00+05:30,2095.10009765625,2122.89990234375,2080.0,2094.64990234375,41770,0.0,0.0
4094,4094.0,4094.0,4094.0,4094.0,4094.0,4094.0,2024-07-10 00:00:00+05:30,2096.60009765625,2108.60009765625,2030.050048828125,2056.800048828125,36119,0.0,0.0
4095,4095.0,4095.0,4095.0,4095.0,4095.0,4095.0,2024-07-11 00:00:00+05:30,2065.0,2080.0,2042.6500244140625,2050.550048828125,21299,0.0,0.0
4096,4096.0,4096.0,4096.0,4096.0,4096.0,4096.0,2024-07-12 00:00:00+05:30,2058.300048828125,2108.550048828125,2057.300048828125,2075.699951171875,41077,0.0,0.0
4097,4097.0,4097.0,4097.0,4097.0,4097.0,4097.0,2024-07-15 00:00:00+05:30,2075.64990234375,2080.0,2037.8499755859375,2045.949951171875,42520,0.0,0.0
4098,4098.0,4098.0,4098.0,4098.0,4098.0,4098.0,2024-07-16 00:00:00+05:30,2045.949951171875,2085.449951171875,2045.9000244140625,2060.5,35690,0.0,0.0
4099,4099.0,4099.0,4099.0,4099.0,4099.0,4099.0,2024-07-18 00:00:00+05:30,2060.5,2065.949951171875,2034.9000244140625,2046.4000244140625,48911,0.0,0.0
4100,4100.0,4100.0,4100.0,4100.0,4100.0,4100.0,2024-07-19 00:00:00+05:30,2045.0,2049.0,2004.0999755859375,2009.699951171875,50451,0.0,0.0
4101,4101.0,4101.0,4101.0,4101.0,4101.0,,2024-07-22 00:00:00+05:30,1980.0,2032.3499755859375,1980.0,2019.9000244140625,40957,0.0,0.0
4102,4102.0,4102.0,4102.0,4102.0,4102.0,,2024-07-23 00:00:00+05:30,2034.050048828125,2034.050048828125,1979.25,2013.8499755859375,41028,0.0,0.0
4103,4103.0,4103.0,4103.0,4103.0,4103.0,,2024-07-24 00:00:00+05:30,2013.8499755859375,2055.199951171875,2008.0,2017.9000244140625,25333,0.0,0.0
4104,4104.0,4104.0,4104.0,4104.0,4104.0,,2024-07-25 00:00:00+05:30,2017.9000244140625,2025.0,1995.0,2013.300048828125,17920,0.0,0.0
4105,4105.0,4105.0,4105.0,4105.0,4105.0,,2024-07-26 00:00:00+05:30,2024.0,2108.0,2015.050048828125,2054.85009765625,70020,0.0,0.0
4106,4106.0,4106.0,4106.0,4106.0,,,2024-07-29 00:00:00+05:30,2056.0,2120.300048828125,2052.0,2060.10009765625,88930,0.0,0.0
4107,4107.0,4107.0,4107.0,4107.0,,,2024-07-30 00:00:00+05:30,2064.949951171875,2118.0,2060.10009765625,2093.35009765625,64133,0.0,0.0
4108,4108.0,4108.0,4108.0,4108.0,,,2024-07-31 00:00:00+05:30,2100.0,2138.14990234375,2083.300048828125,2124.14990234375,64067,0.0,0.0
4109,4109.0,4109.0,4109.0,4109.0,,,2024-08-01 00:00:00+05:30,2126.0,2154.64990234375,2080.5,2108.60009765625,153414,0.0,0.0
4110,4110.0,4110.0,4110.0,4110.0,,,2024-08-02 00:00:00+05:30,2100.0,2150.0,2083.10009765625,2137.14990234375,86745,0.0,0.0
4111,4111.0,4111.0,4111.0,4111.0,,,2024-08-05 00:00:00+05:30,2065.0,2105.64990234375,2055.0,2080.39990234375,66931,0.0,0.0
4112,4112.0,4112.0,4112.0,4112.0,,,2024-08-06 00:00:00+05:30,2082.0,2135.0,2073.0,2085.39990234375,68505,0.0,0.0
4113,4113.0,4113.0,4113.0,4113.0,,,2024-08-07 00:00:00+05:30,2100.0,2120.0,2072.050048828125,2106.5,34816,0.0,0.0
4114,4114.0,4114.0,4114.0,4114.0,,,2024-08-08 00:00:00+05:30,2105.0,2129.75,2069.0,2087.35009765625,37573,0.0,0.0
4115,4115.0,4115.0,4115.0,4115.0,,,2024-08-09 00:00:00+05:30,2103.949951171875,2106.89990234375,2053.050048828125,2085.85009765625,37987,0.0,0.0
4116,4116.0,4116.0,4116.0,4116.0,,,2024-08-12 00:00:00+05:30,2086.949951171875,2086.949951171875,2050.050048828125,2056.300048828125,20508,0.0,0.0
4117,4117.0,4117.0,4117.0,4117.0,,,2024-08-13 00:00:00+05:30,2056.300048828125,2062.60009765625,2000.0,2021.9000244140625,33793,0.0,0.0
4118,4118.0,4118.0,4118.0,4118.0,,,2024-08-14 00:00:00+05:30,2020.0,2025.449951171875,1961.9000244140625,1995.949951171875,33638,0.0,0.0
4119,4119.0,4119.0,4119.0,4119.0,,,2024-08-16 00:00:00+05:30,1996.1500244140625,2030.9000244140625,1984.5,2008.449951171875,33181,0.0,0.0
4120,4120.0,4120.0,4120.0,4120.0,,,2024-08-19 00:00:00+05:30,2008.550048828125,2028.3499755859375,1991.0,2006.4000244140625,31474,0.0,0.0
4121,4121.0,4121.0,4121.0,4121.0,,,2024-08-20 00:00:00+05:30,2008.9000244140625,2045.0,2002.0,2018.75,26469,0.0,0.0
4122,4122.0,4122.0,4122.0,4122.0,,,2024-08-21 00:00:00+05:30,2020.0,2059.949951171875,2016.8499755859375,2028.949951171875,27055,0.0,0.0
4123,4123.0,4123.0,4123.0,4123.0,,,2024-08-22 00:00:00+05:30,2030.199951171875,2147.85009765625,2030.199951171875,2098.949951171875,191025,0.0,0.0
4124,4124.0,4124.0,4124.0,,,,2024-08-23 00:00:00+05:30,2071.10009765625,2101.64990234375,2071.0,2082.39990234375,52191,0.0,0.0
4125,4125.0,4125.0,4125.0,,,,2024-08-26 00:00:00+05:30,2098.800048828125,2109.0,2061.5,2080.550048828125,36388,0.0,0.0
4126,4126.0,4126.0,4126.0,,,,2024-08-27 00:00:00+05:30,2095.0,2179.35009765625,2081.25,2127.75,157648,0.0,0.0
4127,4127.0,4127.0,4127.0,,,,2024-08-28 00:00:00+05:30,2128.0,2143.89990234375,2101.0,2113.199951171875,34159,0.0,0.0
4128,4128.0,4128.0,4128.0,,,,2024-08-29 00:00:00+05:30,2114.0,2128.0,2084.10009765625,2107.25,42692,0.0,0.0
4129,4129.0,4129.0,4129.0,,,,2024-08-30 00:00:00+05:30,2111.25,2122.949951171875,2085.0,2104.85009765625,26284,0.0,0.0
4130,4130.0,4130.0,4130.0,,,,2024-09-02 00:00:00+05:30,2106.800048828125,2124.64990234375,2079.0,2100.050048828125,29438,0.0,0.0
4131,4131.0,4131.0,4131.0,,,,2024-09-03 00:00:00+05:30,2114.449951171875,2142.050048828125,2095.0,2117.10009765625,63824,0.0,0.0
4132,4132.0,4132.0,4132.0,,,,2024-09-04 00:00:00+05:30,2117.10009765625,2229.0,2106.35009765625,2171.39990234375,392897,0.0,0.0
4133,4133.0,4133.0,4133.0,,,,2024-09-05 00:00:00+05:30,2190.0,2249.39990234375,2181.0,2222.14990234375,189846,0.0,0.0
4134,4134.0,4134.0,4134.0,,,,2024-09-06 00:00:00+05:30,2233.050048828125,2337.949951171875,2227.550048828125,2263.699951171875,400150,0.0,0.0
4135,4135.0,4135.0,4135.0,,,,2024-09-09 00:00:00+05:30,2270.0,2319.0,2217.10009765625,2301.35009765625,135602,0.0,0.0
4136,4136.0,4136.0,4136.0,,,,2024-09-10 00:00:00+05:30,2312.85009765625,2319.0,2270.0,2291.449951171875,83652,0.0,0.0
4137,4137.0,4137.0,4137.0,,,,2024-09-11 00:00:00+05:30,2287.0,2312.0,2267.0,2274.800048828125,62291,0.0,0.0
4138,4138.0,4138.0,4138.0,,,,2024-09-12 00:00:00+05:30,2279.949951171875,2288.0,2233.39990234375,2257.85009765625,60639,0.0,0.0
4139,4139.0,4139.0,4139.0,,,,2024-09-13 00:00:00+05:30,2262.0,2288.25,2222.0,2235.949951171875,46722,0.0,0.0
4140,4140.0,4140.0,4140.0,,,,2024-09-16 00:00:00+05:30,2250.0,2312.39990234375,2207.10009765625,2224.449951171875,98038,0.0,0.0
4141,4141.0,4141.0,4141.0,,,,2024-09-17 00:00:00+05:30,2243.050048828125,2243.050048828125,2193.10009765625,2217.5,59933,0.0,0.0
4142,4142.0,4142.0,4142.0,,,,2024-09-18 00:00:00+05:30,2225.0,2456.699951171875,2225.0,2367.050048828125,2201239,0.0,0.0
4143,4143.0,4143.0,4143.0,,,,2024-09-19 00:00:00+05:30,2403.0,2498.85009765625,2305.0,2377.199951171875,769133,0.0,0.0
4144,4144.0,4144.0,4144.0,,,,2024-09-20 00:00:00+05:30,2397.949951171875,2440.25,2350.0,2396.25,252066,0.0,0.0
4145,4145.0,4145.0,4145.0,,,,2024-09-23 00:00:00+05:30,2432.85009765625,2440.949951171875,2355.0,2395.60009765625,118250,0.0,0.0
4146,4146.0,4146.0,4146.0,,,,2024-09-24 00:00:00+05:30,2395.60009765625,2456.0,2361.949951171875,2380.14990234375,182810,0.0,0.0
4147,4147.0,4147.0,4147.0,,,,2024-09-25 00:00:00+05:30,2380.14990234375,2391.550048828125,2346.300048828125,2349.64990234375,29001,0.0,0.0
4148,4148.0,,,,,,2024-09-26 00:00:00+05:30,2366.0,2369.60009765625,2323.0,2335.949951171875,58839,0.0,0.0
4149,4149.0,,,,,,2024-09-27 00:00:00+05:30,2369.949951171875,2370.199951171875,2280.0,2296.699951171875,84473,0.0,0.0
4150,,,,,,,2024-09-26 00:00:00+05:30,2366.0,2369.60009765625,2323.0,2335.949951171875,58839,0.0,0.0
4151,,,,,,,2024-09-27 00:00:00+05:30,2369.949951171875,2370.199951171875,2280.0,2296.699951171875,84473,0.0,0.0
